43.000000	0.742187
44.000000	0.722656
45.000000	0.703125
46.000000	0.722656
47.000000	0.722656
48.000000	0.703125
49.000000	0.703125
50.000000	0.703125
51.000000	0.722656
52.000000	0.722656
53.000000	0.722656
54.000000	0.722656
55.000000	0.722656
56.000000	0.722656
57.000000	0.722656
58.000000	0.722656
59.000000	0.722656
60.000000	0.722656
61.000000	0.742187
62.000000	0.742187
63.000000	0.742187
64.000000	0.742187
65.000000	0.761719
66.000000	0.761719
67.000000	0.761719
68.000000	0.781250
69.000000	0.781250
70.000000	0.781250
71.000000	0.800781
72.000000	0.800781
73.000000	0.800781
74.000000	0.820312
75.000000	0.820312
76.000000	0.839844
77.000000	0.839844
78.000000	0.859375
79.000000	0.878906
80.000000	0.878906
81.000000	0.898437
82.000000	0.878906
83.000000	0.878906
84.000000	0.878906
85.000000	0.878906
86.000000	0.878906
87.000000	0.878906
88.000000	0.878906
89.000000	0.878906
90.000000	0.859375
91.000000	0.859375
92.000000	0.859375
93.000000	0.859375
94.000000	0.859375
95.000000	0.839844
96.000000	0.839844
97.000000	0.820312
98.000000	0.800781
99.000000	0.781250
100.000000	0.781250
101.000000	0.761719
102.000000	0.761719
103.000000	0.742187
104.000000	0.742187
105.000000	0.742187
106.000000	0.722656
107.000000	0.722656
108.000000	0.722656
109.000000	0.722656
110.000000	0.722656
111.000000	0.722656
112.000000	0.722656
113.000000	0.703125
114.000000	0.703125
115.000000	0.703125
116.000000	0.703125
117.000000	0.703125
118.000000	0.683594
119.000000	0.683594
120.000000	0.703125
121.000000	0.703125
122.000000	0.703125
123.000000	0.703125
124.000000	0.703125
125.000000	0.722656
126.000000	0.742187
127.000000	0.761719
128.000000	0.761719
129.000000	0.761719
130.000000	0.781250
131.000000	0.781250
132.000000	0.781250
133.000000	0.800781
134.000000	0.839844
135.000000	0.859375
136.000000	0.878906
137.000000	0.898437
138.000000	0.898437
139.000000	0.898437
140.000000	0.898437
141.000000	0.898437
142.000000	0.898437
143.000000	0.878906
144.000000	0.878906
145.000000	0.859375
146.000000	0.839844
147.000000	0.820312
148.000000	0.800781
149.000000	0.781250
150.000000	0.761719
151.000000	0.742187
152.000000	0.722656
153.000000	0.703125
154.000000	0.683594
155.000000	0.644531
156.000000	0.625000
157.000000	0.605469
158.000000	0.585937
159.000000	0.566406
160.000000	0.546875
161.000000	0.546875
162.000000	0.546875
163.000000	0.527344
164.000000	0.546875
165.000000	0.546875
166.000000	0.546875
167.000000	0.566406
168.000000	0.566406
169.000000	0.585937
170.000000	0.605469
171.000000	0.625000
172.000000	0.644531
173.000000	0.664062
174.000000	0.683594
175.000000	0.703125
176.000000	0.742187
177.000000	0.742187
178.000000	0.761719
179.000000	0.761719
180.000000	0.781250
181.000000	0.781250
182.000000	0.800781
183.000000	0.800781
184.000000	0.800781
185.000000	0.839844
186.000000	0.839844
187.000000	0.859375
188.000000	0.859375
189.000000	0.859375
190.000000	0.859375
191.000000	0.859375
192.000000	0.839844
193.000000	0.820312
194.000000	0.800781
195.000000	0.781250
196.000000	0.761719
197.000000	0.722656
198.000000	0.683594
199.000000	0.664062
200.000000	0.644531
201.000000	0.644531
202.000000	0.605469
203.000000	0.585937
204.000000	0.546875
205.000000	0.527344
206.000000	0.527344
207.000000	0.507812
208.000000	0.488281
209.000000	0.488281
210.000000	0.488281
211.000000	0.488281
212.000000	0.468750
213.000000	0.468750
214.000000	0.488281
215.000000	0.488281
216.000000	0.468750
217.000000	0.468750
218.000000	0.488281
219.000000	0.488281
220.000000	0.507812
221.000000	0.507812
222.000000	0.527344
223.000000	0.527344
224.000000	0.546875
225.000000	0.585937
226.000000	0.605469
227.000000	0.644531
228.000000	0.664062
229.000000	0.703125
230.000000	0.703125
231.000000	0.742187
232.000000	0.742187
233.000000	0.761719
234.000000	0.781250
235.000000	0.800781
236.000000	0.820312
237.000000	0.820312
238.000000	0.820312
239.000000	0.839844
240.000000	0.820312
241.000000	0.839844
242.000000	0.839844
243.000000	0.859375
244.000000	0.878906
245.000000	0.878906
246.000000	0.898437
247.000000	0.898437
248.000000	0.917969
249.000000	0.898437
250.000000	0.898437
251.000000	0.878906
252.000000	0.839844
253.000000	0.839844
254.000000	0.800781
255.000000	0.781250
256.000000	0.761719
257.000000	0.742187
258.000000	0.703125
259.000000	0.683594
260.000000	0.683594
261.000000	0.683594
262.000000	0.664062
263.000000	0.644531
264.000000	0.625000
265.000000	0.605469
266.000000	0.605469
267.000000	0.585937
268.000000	0.585937
269.000000	0.585937
270.000000	0.585937
271.000000	0.585937
272.000000	0.585937
273.000000	0.605469
274.000000	0.625000
275.000000	0.625000
276.000000	0.644531
277.000000	0.644531
278.000000	0.664062
279.000000	0.683594
280.000000	0.683594
281.000000	0.703125
282.000000	0.722656
283.000000	0.761719
284.000000	0.800781
285.000000	0.839844
286.000000	0.859375
287.000000	0.898437
288.000000	0.937500
289.000000	0.957031
290.000000	0.996094
291.000000	1.015625
292.000000	1.035156
293.000000	1.074219
294.000000	1.074219
295.000000	1.093750
296.000000	1.093750
297.000000	1.093750
298.000000	1.074219
299.000000	1.054687
300.000000	1.054687
301.000000	1.054687
302.000000	1.054687
303.000000	1.054687
304.000000	1.035156
305.000000	1.015625
306.000000	0.996094
307.000000	0.976562
308.000000	0.957031
309.000000	0.937500
310.000000	0.917969
311.000000	0.898437
312.000000	0.878906
313.000000	0.839844
314.000000	0.839844
315.000000	0.800781
316.000000	0.781250
317.000000	0.761719
318.000000	0.742187
319.000000	0.722656
320.000000	0.664062
321.000000	0.644531
322.000000	0.605469
323.000000	0.585937
324.000000	0.546875
325.000000	0.527344
326.000000	0.488281
327.000000	0.468750
328.000000	0.449219
329.000000	0.429687
330.000000	0.410156
331.000000	0.410156
332.000000	0.410156
333.000000	0.410156
334.000000	0.410156
335.000000	0.429687
336.000000	0.449219
337.000000	0.468750
338.000000	0.468750
339.000000	0.488281
340.000000	0.507812
341.000000	0.527344
342.000000	0.546875
343.000000	0.566406
344.000000	0.605469
345.000000	0.605469
346.000000	0.644531
347.000000	0.644531
348.000000	0.664062
349.000000	0.683594
350.000000	0.703125
351.000000	0.742187
352.000000	0.742187
353.000000	0.761719
354.000000	0.761719
355.000000	0.761719
356.000000	0.761719
357.000000	0.781250
358.000000	0.800781
359.000000	0.781250
360.000000	0.781250
361.000000	0.800781
362.000000	0.781250
363.000000	0.781250
364.000000	0.761719
365.000000	0.742187
366.000000	0.722656
367.000000	0.703125
368.000000	0.664062
369.000000	0.664062
370.000000	0.644531
371.000000	0.625000
372.000000	0.625000
373.000000	0.605469
374.000000	0.585937
375.000000	0.566406
376.000000	0.546875
377.000000	0.546875
378.000000	0.527344
379.000000	0.527344
380.000000	0.527344
381.000000	0.527344
382.000000	0.527344
383.000000	0.546875
384.000000	0.546875
385.000000	0.527344
386.000000	0.527344
387.000000	0.507812
388.000000	0.507812
389.000000	0.488281
390.000000	0.468750
391.000000	0.468750
392.000000	0.468750
393.000000	0.488281
394.000000	0.507812
395.000000	0.527344
396.000000	0.527344
397.000000	0.566406
398.000000	0.566406
399.000000	0.605469
400.000000	0.625000
401.000000	0.644531
402.000000	0.683594
403.000000	0.722656
404.000000	0.742187
405.000000	0.761719
406.000000	0.761719
407.000000	0.781250
408.000000	0.761719
409.000000	0.781250
410.000000	0.761719
411.000000	0.742187
412.000000	0.742187
413.000000	0.742187
414.000000	0.722656
415.000000	0.722656
416.000000	0.703125
417.000000	0.703125
418.000000	0.703125
419.000000	0.683594
420.000000	0.683594
421.000000	0.664062
422.000000	0.664062
423.000000	0.625000
424.000000	0.625000
425.000000	0.605469
426.000000	0.585937
427.000000	0.566406
428.000000	0.546875
429.000000	0.546875
430.000000	0.566406
431.000000	0.546875
432.000000	0.546875
433.000000	0.527344
434.000000	0.507812
435.000000	0.527344
436.000000	0.546875
437.000000	0.585937
438.000000	0.585937
439.000000	0.625000
440.000000	0.644531
441.000000	0.664062
442.000000	0.683594
443.000000	0.703125
444.000000	0.722656
445.000000	0.742187
446.000000	0.781250
447.000000	0.800781
448.000000	0.839844
449.000000	0.859375
450.000000	0.898437
451.000000	0.917969
452.000000	0.937500
453.000000	0.937500
454.000000	0.957031
455.000000	0.937500
456.000000	0.957031
457.000000	0.937500
458.000000	0.917969
459.000000	0.898437
460.000000	0.898437
461.000000	0.878906
462.000000	0.859375
463.000000	0.839844
464.000000	0.820312
465.000000	0.820312
466.000000	0.820312
467.000000	0.800781
468.000000	0.800781
469.000000	0.800781
470.000000	0.820312
471.000000	0.800781
472.000000	0.820312
473.000000	0.820312
474.000000	0.820312
475.000000	0.820312
476.000000	0.820312
477.000000	0.800781
478.000000	0.800781
479.000000	0.800781
480.000000	0.800781
481.000000	0.820312
482.000000	0.839844
483.000000	0.839844
484.000000	0.839844
485.000000	0.839844
486.000000	0.839844
487.000000	0.839844
488.000000	0.839844
489.000000	0.820312
490.000000	0.820312
491.000000	0.820312
492.000000	0.820312
493.000000	0.820312
494.000000	0.800781
495.000000	0.800781
496.000000	0.761719
497.000000	0.761719
498.000000	0.722656
499.000000	0.703125
500.000000	0.683594
501.000000	0.644531
502.000000	0.644531
503.000000	0.625000
504.000000	0.585937
505.000000	0.566406
506.000000	0.527344
507.000000	0.488281
508.000000	0.468750
509.000000	0.449219
510.000000	0.449219
511.000000	0.429687
512.000000	0.429687
513.000000	0.429687
514.000000	0.429687
515.000000	0.449219
516.000000	0.449219
517.000000	0.468750
518.000000	0.468750
519.000000	0.507812
520.000000	0.527344
521.000000	0.566406
522.000000	0.585937
523.000000	0.625000
524.000000	0.644531
525.000000	0.664062
526.000000	0.664062
527.000000	0.683594
528.000000	0.703125
529.000000	0.722656
530.000000	0.742187
531.000000	0.742187
532.000000	0.761719
533.000000	0.722656
534.000000	0.703125
535.000000	0.683594
536.000000	0.683594
537.000000	0.644531
538.000000	0.625000
539.000000	0.625000
540.000000	0.585937
541.000000	0.566406
542.000000	0.546875
543.000000	0.527344
544.000000	0.546875
545.000000	0.546875
546.000000	0.507812
547.000000	0.527344
548.000000	0.507812
549.000000	0.488281
550.000000	0.488281
551.000000	0.488281
552.000000	0.488281
553.000000	0.488281
554.000000	0.507812
555.000000	0.507812
556.000000	0.527344
557.000000	0.546875
558.000000	0.566406
559.000000	0.566406
560.000000	0.585937
561.000000	0.625000
562.000000	0.644531
563.000000	0.664062
564.000000	0.683594
565.000000	0.683594
566.000000	0.703125
567.000000	0.722656
568.000000	0.742187
569.000000	0.742187
570.000000	0.761719
571.000000	0.761719
572.000000	0.742187
573.000000	0.761719
574.000000	0.761719
575.000000	0.761719
576.000000	0.761719
577.000000	0.742187
578.000000	0.742187
579.000000	0.742187
580.000000	0.722656
581.000000	0.722656
582.000000	0.703125
583.000000	0.703125
584.000000	0.703125
585.000000	0.683594
586.000000	0.664062
587.000000	0.644531
588.000000	0.644531
589.000000	0.644531
590.000000	0.625000
591.000000	0.625000
592.000000	0.625000
593.000000	0.625000
594.000000	0.644531
595.000000	0.644531
596.000000	0.644531
597.000000	0.683594
598.000000	0.683594
599.000000	0.722656
600.000000	0.722656
601.000000	0.761719
602.000000	0.781250
603.000000	0.781250
604.000000	0.800781
605.000000	0.820312
606.000000	0.859375
607.000000	0.898437
608.000000	0.917969
609.000000	0.937500
610.000000	0.957031
611.000000	0.957031
612.000000	0.957031
613.000000	0.957031
614.000000	0.957031
615.000000	0.937500
616.000000	0.937500
617.000000	0.937500
618.000000	0.917969
619.000000	0.898437
620.000000	0.878906
621.000000	0.878906
622.000000	0.859375
623.000000	0.820312
624.000000	0.820312
625.000000	0.781250
626.000000	0.761719
627.000000	0.742187
628.000000	0.742187
629.000000	0.722656
630.000000	0.722656
631.000000	0.742187
632.000000	0.742187
633.000000	0.761719
634.000000	0.781250
635.000000	0.781250
636.000000	0.800781
637.000000	0.800781
638.000000	0.820312
639.000000	0.839844
640.000000	0.839844
641.000000	0.839844
642.000000	0.839844
643.000000	0.839844
644.000000	0.839844
645.000000	0.839844
646.000000	0.839844
647.000000	0.839844
648.000000	0.839844
649.000000	0.839844
650.000000	0.839844
651.000000	0.820312
652.000000	0.800781
653.000000	0.800781
654.000000	0.781250
655.000000	0.761719
656.000000	0.742187
657.000000	0.722656
658.000000	0.703125
659.000000	0.683594
660.000000	0.683594
661.000000	0.644531
662.000000	0.605469
663.000000	0.585937
664.000000	0.546875
665.000000	0.527344
666.000000	0.507812
667.000000	0.488281
668.000000	0.468750
669.000000	0.449219
670.000000	0.449219
671.000000	0.429687
672.000000	0.410156
673.000000	0.429687
674.000000	0.429687
675.000000	0.449219
676.000000	0.468750
677.000000	0.468750
678.000000	0.507812
679.000000	0.507812
680.000000	0.546875
681.000000	0.566406
682.000000	0.585937
683.000000	0.605469
684.000000	0.605469
685.000000	0.605469
686.000000	0.644531
687.000000	0.644531
688.000000	0.664062
689.000000	0.683594
690.000000	0.703125
691.000000	0.722656
692.000000	0.742187
693.000000	0.781250
694.000000	0.800781
695.000000	0.820312
696.000000	0.859375
697.000000	0.859375
698.000000	0.878906
699.000000	0.878906
700.000000	0.898437
701.000000	0.878906
702.000000	0.878906
703.000000	0.878906
704.000000	0.859375
705.000000	0.839844
706.000000	0.820312
707.000000	0.781250
708.000000	0.781250
709.000000	0.761719
710.000000	0.742187
711.000000	0.742187
712.000000	0.722656
713.000000	0.703125
714.000000	0.683594
715.000000	0.644531
716.000000	0.644531
717.000000	0.625000
718.000000	0.625000
719.000000	0.625000
720.000000	0.644531
721.000000	0.664062
722.000000	0.683594
723.000000	0.683594
724.000000	0.703125
725.000000	0.703125
726.000000	0.703125
727.000000	0.703125
728.000000	0.722656
729.000000	0.742187
730.000000	0.761719
731.000000	0.761719
732.000000	0.781250
733.000000	0.800781
734.000000	0.820312
735.000000	0.839844
736.000000	0.839844
737.000000	0.839844
738.000000	0.859375
739.000000	0.859375
740.000000	0.859375
741.000000	0.859375
742.000000	0.859375
743.000000	0.839844
744.000000	0.859375
745.000000	0.839844
746.000000	0.839844
747.000000	0.839844
748.000000	0.839844
749.000000	0.820312
750.000000	0.800781
751.000000	0.800781
752.000000	0.800781
753.000000	0.820312
754.000000	0.820312
755.000000	0.820312
756.000000	0.800781
757.000000	0.800781
758.000000	0.781250
759.000000	0.781250
760.000000	0.781250
761.000000	0.761719
762.000000	0.742187
763.000000	0.742187
764.000000	0.722656
765.000000	0.722656
766.000000	0.703125
767.000000	0.703125
768.000000	0.683594
769.000000	0.664062
770.000000	0.644531
771.000000	0.644531
772.000000	0.605469
773.000000	0.585937
774.000000	0.585937
775.000000	0.585937
776.000000	0.585937
777.000000	0.566406
778.000000	0.585937
779.000000	0.566406
780.000000	0.585937
781.000000	0.585937
782.000000	0.585937
783.000000	0.585937
784.000000	0.566406
785.000000	0.566406
786.000000	0.585937
787.000000	0.585937
788.000000	0.605469
789.000000	0.605469
790.000000	0.605469
791.000000	0.644531
792.000000	0.644531
793.000000	0.683594
794.000000	0.703125
795.000000	0.742187
796.000000	0.781250
797.000000	0.820312
798.000000	0.820312
799.000000	0.859375
800.000000	0.878906
801.000000	0.878906
802.000000	0.878906
803.000000	0.878906
804.000000	0.859375
805.000000	0.898437
806.000000	0.917969
807.000000	0.937500
808.000000	0.937500
809.000000	0.976562
810.000000	0.976562
811.000000	0.957031
812.000000	0.957031
813.000000	0.957031
814.000000	0.957031
815.000000	0.937500
816.000000	0.937500
817.000000	0.937500
818.000000	0.937500
819.000000	0.937500
820.000000	0.937500
821.000000	0.937500
822.000000	0.937500
823.000000	0.937500
824.000000	0.937500
825.000000	0.937500
826.000000	0.937500
827.000000	0.917969
828.000000	0.898437
829.000000	0.898437
830.000000	0.898437
831.000000	0.898437
832.000000	0.878906
833.000000	0.878906
834.000000	0.859375
835.000000	0.859375
836.000000	0.839844
837.000000	0.820312
838.000000	0.820312
839.000000	0.800781
840.000000	0.800781
841.000000	0.781250
842.000000	0.761719
843.000000	0.761719
844.000000	0.761719
845.000000	0.761719
846.000000	0.761719
847.000000	0.761719
848.000000	0.781250
849.000000	0.781250
850.000000	0.761719
851.000000	0.761719
852.000000	0.761719
853.000000	0.761719
854.000000	0.742187
855.000000	0.722656
856.000000	0.703125
857.000000	0.703125
858.000000	0.683594
859.000000	0.664062
860.000000	0.644531
861.000000	0.644531
862.000000	0.625000
863.000000	0.605469
864.000000	0.585937
865.000000	0.585937
866.000000	0.566406
867.000000	0.566406
868.000000	0.546875
869.000000	0.546875
870.000000	0.546875
871.000000	0.546875
872.000000	0.546875
873.000000	0.527344
874.000000	0.527344
875.000000	0.507812
876.000000	0.468750
877.000000	0.449219
878.000000	0.429687
879.000000	0.410156
880.000000	0.410156
881.000000	0.410156
882.000000	0.429687
883.000000	0.429687
884.000000	0.429687
885.000000	0.410156
886.000000	0.410156
887.000000	0.429687
888.000000	0.429687
889.000000	0.429687
890.000000	0.429687
891.000000	0.429687
892.000000	0.429687
893.000000	0.429687
894.000000	0.429687
895.000000	0.429687
896.000000	0.449219
897.000000	0.449219
898.000000	0.468750
899.000000	0.488281
900.000000	0.488281
901.000000	0.527344
902.000000	0.527344
903.000000	0.546875
904.000000	0.566406
905.000000	0.585937
906.000000	0.605469
907.000000	0.625000
908.000000	0.644531
909.000000	0.683594
910.000000	0.703125
911.000000	0.722656
912.000000	0.742187
913.000000	0.742187
914.000000	0.742187
915.000000	0.761719
916.000000	0.781250
917.000000	0.800781
918.000000	0.800781
919.000000	0.820312
920.000000	0.839844
921.000000	0.820312
922.000000	0.859375
923.000000	0.859375
924.000000	0.878906
925.000000	0.898437
926.000000	0.917969
927.000000	0.917969
928.000000	0.917969
929.000000	0.917969
930.000000	0.917969
931.000000	0.917969
932.000000	0.937500
933.000000	0.937500
934.000000	0.957031
935.000000	0.976562
936.000000	0.996094
937.000000	1.015625
938.000000	1.015625
939.000000	1.035156
940.000000	1.054687
941.000000	1.035156
942.000000	1.035156
943.000000	1.054687
944.000000	1.054687
945.000000	1.035156
946.000000	1.035156
947.000000	1.035156
948.000000	1.035156
949.000000	1.035156
950.000000	1.035156
951.000000	1.035156
952.000000	1.015625
953.000000	1.015625
954.000000	1.015625
955.000000	1.015625
956.000000	0.996094
957.000000	1.015625
958.000000	1.015625
959.000000	0.996094
960.000000	0.996094
961.000000	0.996094
962.000000	0.976562
963.000000	0.976562
964.000000	0.976562
965.000000	0.976562
966.000000	0.976562
967.000000	0.957031
968.000000	0.957031
969.000000	0.976562
970.000000	0.957031
971.000000	0.957031
972.000000	0.976562
973.000000	0.976562
974.000000	0.976562
975.000000	0.976562
976.000000	0.976562
977.000000	0.957031
978.000000	0.957031
979.000000	0.957031
980.000000	0.957031
981.000000	0.957031
982.000000	0.937500
983.000000	0.937500
984.000000	0.957031
985.000000	0.957031
986.000000	0.957031
987.000000	0.976562
988.000000	0.996094
989.000000	0.996094
990.000000	0.996094
991.000000	0.996094
992.000000	0.996094
993.000000	0.996094
994.000000	1.015625
995.000000	1.035156
996.000000	1.035156
997.000000	1.054687
998.000000	1.054687
999.000000	1.054687
1000.000000	1.035156
1001.000000	1.015625
1002.000000	1.015625
1003.000000	1.035156
1004.000000	1.015625
1005.000000	1.015625
1006.000000	1.015625
1007.000000	0.996094
1008.000000	0.996094
1009.000000	0.996094
1010.000000	0.996094
1011.000000	0.976562
1012.000000	0.957031
1013.000000	0.937500
1014.000000	0.917969
1015.000000	0.917969
1016.000000	0.917969
1017.000000	0.917969
1018.000000	0.917969
1019.000000	0.957031
1020.000000	0.957031
1021.000000	0.976562
1022.000000	0.976562
1023.000000	0.996094
1024.000000	0.976562
1025.000000	0.937500
1026.000000	0.917969
1027.000000	0.859375
1028.000000	0.878906
1029.000000	0.859375
1030.000000	0.859375
1031.000000	0.839844
1032.000000	0.820312
1033.000000	0.800781
1034.000000	0.781250
1035.000000	0.761719
1036.000000	0.742187
1037.000000	0.722656
1038.000000	0.703125
1039.000000	0.683594
1040.000000	0.664062
1041.000000	0.664062
1042.000000	0.644531
1043.000000	0.644531
1044.000000	0.644531
1045.000000	0.605469
1046.000000	0.585937
1047.000000	0.566406
1048.000000	0.546875
1049.000000	0.507812
1050.000000	0.488281
1051.000000	0.468750
1052.000000	0.449219
1053.000000	0.429687
1054.000000	0.410156
1055.000000	0.410156
1056.000000	0.410156
1057.000000	0.410156
1058.000000	0.390625
1059.000000	0.390625
1060.000000	0.371094
1061.000000	0.371094
1062.000000	0.390625
1063.000000	0.390625
1064.000000	0.390625
1065.000000	0.390625
1066.000000	0.390625
1067.000000	0.390625
1068.000000	0.390625
1069.000000	0.390625
1070.000000	0.371094
1071.000000	0.371094
1072.000000	0.351562
1073.000000	0.351562
1074.000000	0.351562
1075.000000	0.351562
1076.000000	0.351562
1077.000000	0.371094
1078.000000	0.371094
1079.000000	0.332031
1080.000000	0.351562
1081.000000	0.351562
1082.000000	0.351562
1083.000000	0.351562
1084.000000	0.351562
1085.000000	0.351562
1086.000000	0.351562
1087.000000	0.332031
1088.000000	0.351562
1089.000000	0.371094
1090.000000	0.371094
1091.000000	0.371094
1092.000000	0.410156
1093.000000	0.410156
1094.000000	0.410156
1095.000000	0.410156
1096.000000	0.410156
1097.000000	0.410156
1098.000000	0.390625
1099.000000	0.390625
1100.000000	0.390625
1101.000000	0.390625
1102.000000	0.410156
1103.000000	0.410156
1104.000000	0.410156
1105.000000	0.390625
1106.000000	0.410156
1107.000000	0.410156
1108.000000	0.429687
1109.000000	0.410156
1110.000000	0.429687
1111.000000	0.429687
1112.000000	0.429687
1113.000000	0.449219
1114.000000	0.468750
1115.000000	0.468750
1116.000000	0.488281
1117.000000	0.507812
1118.000000	0.507812
1119.000000	0.507812
1120.000000	0.488281
1121.000000	0.488281
1122.000000	0.488281
1123.000000	0.507812
1124.000000	0.527344
1125.000000	0.566406
1126.000000	0.585937
1127.000000	0.605469
1128.000000	0.625000
1129.000000	0.625000
1130.000000	0.644531
1131.000000	0.683594
1132.000000	0.683594
1133.000000	0.722656
1134.000000	0.722656
1135.000000	0.742187
1136.000000	0.742187
1137.000000	0.761719
1138.000000	0.781250
1139.000000	0.781250
1140.000000	0.781250
1141.000000	0.800781
1142.000000	0.800781
1143.000000	0.800781
1144.000000	0.800781
1145.000000	0.800781
1146.000000	0.820312
1147.000000	0.839844
1148.000000	0.859375
1149.000000	0.859375
1150.000000	0.878906
1151.000000	0.898437
1152.000000	0.898437
1153.000000	0.917969
1154.000000	0.917969
1155.000000	0.917969
1156.000000	0.917969
1157.000000	0.917969
1158.000000	0.937500
1159.000000	0.957031
1160.000000	0.957031
1161.000000	0.976562
1162.000000	0.996094
1163.000000	0.996094
1164.000000	1.015625
1165.000000	1.015625
1166.000000	1.015625
1167.000000	1.035156
1168.000000	1.035156
1169.000000	1.035156
1170.000000	1.054687
1171.000000	1.054687
1172.000000	1.074219
1173.000000	1.074219
1174.000000	1.054687
1175.000000	1.054687
1176.000000	1.074219
1177.000000	1.074219
1178.000000	1.093750
1179.000000	1.113281
1180.000000	1.132812
1181.000000	1.113281
1182.000000	1.113281
1183.000000	1.113281
1184.000000	1.113281
1185.000000	1.113281
1186.000000	1.113281
1187.000000	1.113281
1188.000000	1.113281
1189.000000	1.093750
1190.000000	1.074219
1191.000000	1.054687
1192.000000	1.035156
1193.000000	1.054687
1194.000000	1.035156
1195.000000	1.015625
1196.000000	1.015625
1197.000000	0.976562
1198.000000	0.957031
1199.000000	0.937500
1200.000000	0.898437
1201.000000	0.878906
1202.000000	0.859375
1203.000000	0.839844
1204.000000	0.839844
1205.000000	0.859375
1206.000000	0.839844
1207.000000	0.820312
1208.000000	0.820312
1209.000000	0.820312
1210.000000	0.820312
1211.000000	0.820312
1212.000000	0.800781
1213.000000	0.800781
1214.000000	0.781250
1215.000000	0.781250
1216.000000	0.781250
1217.000000	0.761719
1218.000000	0.761719
1219.000000	0.761719
1220.000000	0.742187
1221.000000	0.722656
1222.000000	0.683594
1223.000000	0.644531
1224.000000	0.605469
1225.000000	0.566406
1226.000000	0.546875
1227.000000	0.507812
1228.000000	0.488281
1229.000000	0.449219
1230.000000	0.410156
1231.000000	0.390625
1232.000000	0.371094
1233.000000	0.351562
1234.000000	0.332031
1235.000000	0.312500
1236.000000	0.292969
1237.000000	0.273437
1238.000000	0.253906
1239.000000	0.234375
1240.000000	0.234375
1241.000000	0.195312
1242.000000	0.175781
1243.000000	0.175781
1244.000000	0.156250
1245.000000	0.136719
1246.000000	0.136719
1247.000000	0.136719
1248.000000	0.136719
1249.000000	0.136719
1250.000000	0.156250
1251.000000	0.156250
1252.000000	0.156250
1253.000000	0.175781
1254.000000	0.175781
1255.000000	0.175781
1256.000000	0.175781
1257.000000	0.195312
1258.000000	0.214844
1259.000000	0.234375
1260.000000	0.273437
1261.000000	0.312500
1262.000000	0.312500
1263.000000	0.332031
1264.000000	0.351562
1265.000000	0.351562
1266.000000	0.351562
1267.000000	0.371094
1268.000000	0.390625
1269.000000	0.390625
1270.000000	0.410156
1271.000000	0.410156
1272.000000	0.429687
1273.000000	0.449219
1274.000000	0.468750
1275.000000	0.468750
1276.000000	0.468750
1277.000000	0.468750
1278.000000	0.488281
1279.000000	0.488281
1280.000000	0.507812
1281.000000	0.507812
1282.000000	0.507812
1283.000000	0.527344
1284.000000	0.546875
1285.000000	0.546875
1286.000000	0.566406
1287.000000	0.566406
1288.000000	0.585937
1289.000000	0.605469
1290.000000	0.605469
1291.000000	0.644531
1292.000000	0.644531
1293.000000	0.644531
1294.000000	0.664062
1295.000000	0.683594
1296.000000	0.703125
1297.000000	0.722656
1298.000000	0.722656
1299.000000	0.742187
1300.000000	0.761719
1301.000000	0.781250
1302.000000	0.800781
1303.000000	0.800781
1304.000000	0.820312
1305.000000	0.839844
1306.000000	0.839844
1307.000000	0.839844
1308.000000	0.820312
1309.000000	0.820312
1310.000000	0.820312
1311.000000	0.820312
1312.000000	0.800781
1313.000000	0.800781
1314.000000	0.781250
1315.000000	0.800781
1316.000000	0.820312
1317.000000	0.839844
1318.000000	0.859375
1319.000000	0.878906
1320.000000	0.898437
1321.000000	0.917969
1322.000000	0.937500
1323.000000	0.957031
1324.000000	0.976562
1325.000000	0.976562
1326.000000	0.976562
1327.000000	0.976562
1328.000000	0.996094
1329.000000	0.996094
1330.000000	0.996094
1331.000000	0.996094
1332.000000	0.996094
1333.000000	1.015625
1334.000000	1.035156
1335.000000	1.054687
1336.000000	1.074219
1337.000000	1.093750
1338.000000	1.113281
1339.000000	1.132812
1340.000000	1.152344
1341.000000	1.171875
1342.000000	1.171875
1343.000000	1.171875
1344.000000	1.171875
1345.000000	1.171875
1346.000000	1.191406
1347.000000	1.191406
1348.000000	1.210937
1349.000000	1.191406
1350.000000	1.191406
1351.000000	1.191406
1352.000000	1.171875
1353.000000	1.132812
1354.000000	1.113281
1355.000000	1.074219
1356.000000	1.054687
1357.000000	1.035156
1358.000000	1.035156
1359.000000	1.015625
1360.000000	1.015625
1361.000000	0.996094
1362.000000	1.015625
1363.000000	0.957031
1364.000000	0.957031
1365.000000	0.937500
1366.000000	0.917969
1367.000000	0.898437
1368.000000	0.917969
1369.000000	0.917969
1370.000000	0.917969
1371.000000	0.917969
1372.000000	0.917969
1373.000000	0.898437
1374.000000	0.878906
1375.000000	0.859375
1376.000000	0.859375
1377.000000	0.839844
1378.000000	0.859375
1379.000000	0.859375
1380.000000	0.878906
1381.000000	0.878906
1382.000000	0.878906
1383.000000	0.878906
1384.000000	0.878906
1385.000000	0.859375
1386.000000	0.859375
1387.000000	0.859375
1388.000000	0.859375
1389.000000	0.878906
1390.000000	0.898437
1391.000000	0.898437
1392.000000	0.898437
1393.000000	0.937500
1394.000000	0.976562
1395.000000	0.976562
1396.000000	0.996094
1397.000000	0.996094
1398.000000	1.015625
1399.000000	1.035156
1400.000000	1.035156
1401.000000	1.035156
1402.000000	1.054687
1403.000000	1.035156
1404.000000	1.054687
1405.000000	1.054687
1406.000000	1.054687
1407.000000	1.074219
1408.000000	1.074219
1409.000000	1.054687
1410.000000	1.054687
1411.000000	1.074219
1412.000000	1.035156
1413.000000	1.035156
1414.000000	1.035156
1415.000000	1.035156
1416.000000	1.035156
1417.000000	1.035156
1418.000000	1.054687
1419.000000	1.054687
1420.000000	1.074219
1421.000000	1.074219
1422.000000	1.074219
1423.000000	1.093750
1424.000000	1.093750
1425.000000	1.113281
1426.000000	1.113281
1427.000000	1.113281
1428.000000	1.093750
1429.000000	1.093750
1430.000000	1.093750
1431.000000	1.113281
1432.000000	1.113281
1433.000000	1.113281
1434.000000	1.093750
1435.000000	1.093750
1436.000000	1.113281
1437.000000	1.113281
1438.000000	1.113281
1439.000000	1.113281
1440.000000	1.113281
1441.000000	1.093750
1442.000000	1.093750
1443.000000	1.074219
1444.000000	1.054687
1445.000000	1.054687
1446.000000	1.035156
1447.000000	1.015625
1448.000000	1.015625
1449.000000	0.976562
1450.000000	0.957031
1451.000000	0.937500
1452.000000	0.937500
1453.000000	0.917969
1454.000000	0.898437
1455.000000	0.878906
1456.000000	0.878906
1457.000000	0.859375
1458.000000	0.839844
1459.000000	0.820312
1460.000000	0.800781
1461.000000	0.781250
1462.000000	0.761719
1463.000000	0.742187
1464.000000	0.703125
1465.000000	0.703125
1466.000000	0.664062
1467.000000	0.644531
1468.000000	0.644531
1469.000000	0.625000
1470.000000	0.625000
1471.000000	0.625000
1472.000000	0.605469
1473.000000	0.605469
1474.000000	0.605469
1475.000000	0.625000
1476.000000	0.625000
1477.000000	0.644531
1478.000000	0.644531
1479.000000	0.644531
1480.000000	0.625000
1481.000000	0.625000
1482.000000	0.605469
1483.000000	0.585937
1484.000000	0.546875
1485.000000	0.527344
1486.000000	0.507812
1487.000000	0.488281
1488.000000	0.468750
1489.000000	0.449219
1490.000000	0.449219
1491.000000	0.449219
1492.000000	0.468750
1493.000000	0.468750
1494.000000	0.449219
1495.000000	0.429687
1496.000000	0.429687
1497.000000	0.390625
1498.000000	0.390625
1499.000000	0.371094
1500.000000	0.371094
1501.000000	0.371094
1502.000000	0.390625
1503.000000	0.410156
1504.000000	0.429687
1505.000000	0.449219
1506.000000	0.449219
1507.000000	0.468750
1508.000000	0.468750
1509.000000	0.488281
1510.000000	0.488281
1511.000000	0.488281
1512.000000	0.488281
1513.000000	0.527344
1514.000000	0.527344
1515.000000	0.546875
1516.000000	0.527344
1517.000000	0.546875
1518.000000	0.546875
1519.000000	0.546875
1520.000000	0.546875
1521.000000	0.546875
1522.000000	0.546875
1523.000000	0.546875
1524.000000	0.566406
1525.000000	0.566406
1526.000000	0.566406
1527.000000	0.585937
1528.000000	0.605469
1529.000000	0.605469
1530.000000	0.644531
1531.000000	0.664062
1532.000000	0.683594
1533.000000	0.703125
1534.000000	0.722656
1535.000000	0.742187
1536.000000	0.742187
1537.000000	0.742187
1538.000000	0.761719
1539.000000	0.781250
1540.000000	0.761719
1541.000000	0.781250
1542.000000	0.781250
1543.000000	0.781250
1544.000000	0.781250
1545.000000	0.800781
1546.000000	0.820312
1547.000000	0.800781
1548.000000	0.820312
1549.000000	0.820312
1550.000000	0.839844
1551.000000	0.839844
1552.000000	0.839844
1553.000000	0.839844
1554.000000	0.859375
1555.000000	0.859375
1556.000000	0.859375
1557.000000	0.859375
1558.000000	0.859375
1559.000000	0.859375
1560.000000	0.878906
1561.000000	0.898437
1562.000000	0.898437
1563.000000	0.917969
1564.000000	0.917969
1565.000000	0.937500
1566.000000	0.957031
1567.000000	0.957031
1568.000000	0.937500
1569.000000	0.957031
1570.000000	0.976562
1571.000000	0.996094
1572.000000	0.996094
1573.000000	1.015625
1574.000000	1.035156
1575.000000	1.035156
1576.000000	1.035156
1577.000000	1.054687
1578.000000	1.054687
1579.000000	1.054687
1580.000000	1.054687
1581.000000	1.054687
1582.000000	1.054687
1583.000000	1.054687
1584.000000	1.035156
1585.000000	1.035156
1586.000000	1.035156
1587.000000	1.035156
1588.000000	1.035156
1589.000000	1.015625
1590.000000	1.015625
1591.000000	1.015625
1592.000000	0.996094
1593.000000	0.976562
1594.000000	0.976562
1595.000000	0.996094
1596.000000	0.976562
1597.000000	0.976562
1598.000000	0.996094
1599.000000	0.976562
1600.000000	0.996094
1601.000000	0.976562
1602.000000	0.976562
1603.000000	0.976562
1604.000000	0.957031
1605.000000	0.957031
1606.000000	0.957031
1607.000000	0.937500
1608.000000	0.937500
1609.000000	0.957031
1610.000000	0.937500
1611.000000	0.937500
1612.000000	0.937500
1613.000000	0.917969
1614.000000	0.917969
1615.000000	0.898437
1616.000000	0.898437
1617.000000	0.898437
1618.000000	0.898437
1619.000000	0.898437
1620.000000	0.898437
1621.000000	0.917969
1622.000000	0.917969
1623.000000	0.917969
1624.000000	0.917969
1625.000000	0.917969
1626.000000	0.917969
1627.000000	0.898437
1628.000000	0.878906
1629.000000	0.878906
1630.000000	0.859375
1631.000000	0.839844
1632.000000	0.820312
1633.000000	0.820312
1634.000000	0.800781
1635.000000	0.800781
1636.000000	0.800781
1637.000000	0.781250
1638.000000	0.781250
1639.000000	0.761719
1640.000000	0.761719
1641.000000	0.761719
1642.000000	0.742187
1643.000000	0.742187
1644.000000	0.761719
1645.000000	0.742187
1646.000000	0.742187
1647.000000	0.742187
1648.000000	0.722656
1649.000000	0.703125
1650.000000	0.683594
1651.000000	0.683594
1652.000000	0.664062
1653.000000	0.644531
1654.000000	0.644531
1655.000000	0.605469
1656.000000	0.605469
1657.000000	0.585937
1658.000000	0.566406
1659.000000	0.546875
1660.000000	0.546875
1661.000000	0.527344
1662.000000	0.507812
1663.000000	0.488281
1664.000000	0.488281
1665.000000	0.488281
1666.000000	0.488281
1667.000000	0.468750
1668.000000	0.468750
1669.000000	0.449219
1670.000000	0.449219
1671.000000	0.449219
1672.000000	0.449219
1673.000000	0.449219
1674.000000	0.429687
1675.000000	0.449219
1676.000000	0.468750
1677.000000	0.488281
1678.000000	0.488281
1679.000000	0.507812
1680.000000	0.507812
1681.000000	0.527344
1682.000000	0.546875
1683.000000	0.546875
1684.000000	0.546875
1685.000000	0.546875
1686.000000	0.546875
1687.000000	0.566406
1688.000000	0.566406
1689.000000	0.585937
1690.000000	0.605469
1691.000000	0.605469
1692.000000	0.625000
1693.000000	0.644531
1694.000000	0.644531
1695.000000	0.664062
1696.000000	0.644531
1697.000000	0.683594
1698.000000	0.683594
1699.000000	0.703125
1700.000000	0.703125
1701.000000	0.722656
1702.000000	0.722656
1703.000000	0.742187
1704.000000	0.742187
1705.000000	0.761719
1706.000000	0.761719
1707.000000	0.761719
1708.000000	0.761719
1709.000000	0.761719
1710.000000	0.781250
1711.000000	0.800781
1712.000000	0.800781
1713.000000	0.820312
1714.000000	0.820312
1715.000000	0.820312
1716.000000	0.820312
1717.000000	0.820312
1718.000000	0.839844
1719.000000	0.839844
1720.000000	0.839844
1721.000000	0.839844
1722.000000	0.839844
1723.000000	0.839844
1724.000000	0.820312
1725.000000	0.820312
1726.000000	0.820312
1727.000000	0.800781
1728.000000	0.800781
1729.000000	0.781250
1730.000000	0.761719
1731.000000	0.761719
1732.000000	0.742187
1733.000000	0.722656
1734.000000	0.703125
1735.000000	0.722656
1736.000000	0.722656
1737.000000	0.703125
1738.000000	0.722656
1739.000000	0.703125
1740.000000	0.722656
1741.000000	0.703125
1742.000000	0.722656
1743.000000	0.722656
1744.000000	0.703125
1745.000000	0.722656
1746.000000	0.722656
1747.000000	0.742187
1748.000000	0.761719
1749.000000	0.781250
1750.000000	0.820312
1751.000000	0.839844
1752.000000	0.859375
1753.000000	0.859375
1754.000000	0.859375
1755.000000	0.878906
1756.000000	0.878906
1757.000000	0.859375
1758.000000	0.859375
1759.000000	0.859375
1760.000000	0.859375
1761.000000	0.859375
1762.000000	0.878906
1763.000000	0.878906
1764.000000	0.898437
1765.000000	0.917969
1766.000000	0.917969
1767.000000	0.937500
1768.000000	0.937500
1769.000000	0.957031
1770.000000	0.957031
1771.000000	0.976562
1772.000000	0.976562
1773.000000	0.976562
1774.000000	0.976562
1775.000000	0.976562
1776.000000	0.976562
1777.000000	0.976562
1778.000000	0.957031
1779.000000	0.937500
1780.000000	0.917969
1781.000000	0.898437
1782.000000	0.859375
1783.000000	0.859375
1784.000000	0.839844
1785.000000	0.820312
1786.000000	0.800781
1787.000000	0.781250
1788.000000	0.781250
1789.000000	0.761719
1790.000000	0.761719
1791.000000	0.761719
1792.000000	0.761719
1793.000000	0.761719
1794.000000	0.742187
1795.000000	0.722656
1796.000000	0.722656
1797.000000	0.703125
1798.000000	0.683594
1799.000000	0.664062
1800.000000	0.644531
1801.000000	0.644531
1802.000000	0.625000
1803.000000	0.585937
1804.000000	0.566406
1805.000000	0.527344
1806.000000	0.488281
1807.000000	0.468750
1808.000000	0.429687
1809.000000	0.410156
1810.000000	0.410156
1811.000000	0.371094
1812.000000	0.390625
1813.000000	0.410156
1814.000000	0.410156
1815.000000	0.429687
1816.000000	0.429687
1817.000000	0.449219
1818.000000	0.468750
1819.000000	0.468750
1820.000000	0.488281
1821.000000	0.507812
1822.000000	0.527344
1823.000000	0.566406
1824.000000	0.585937
1825.000000	0.605469
1826.000000	0.625000
1827.000000	0.644531
1828.000000	0.683594
1829.000000	0.703125
1830.000000	0.722656
1831.000000	0.761719
1832.000000	0.781250
1833.000000	0.820312
1834.000000	0.839844
1835.000000	0.839844
1836.000000	0.859375
1837.000000	0.859375
1838.000000	0.859375
1839.000000	0.878906
1840.000000	0.859375
1841.000000	0.839844
1842.000000	0.839844
1843.000000	0.820312
1844.000000	0.820312
1845.000000	0.781250
1846.000000	0.781250
1847.000000	0.761719
1848.000000	0.742187
1849.000000	0.722656
1850.000000	0.703125
1851.000000	0.664062
1852.000000	0.644531
1853.000000	0.625000
1854.000000	0.605469
1855.000000	0.585937
1856.000000	0.566406
1857.000000	0.546875
1858.000000	0.546875
1859.000000	0.546875
1860.000000	0.546875
1861.000000	0.546875
1862.000000	0.546875
1863.000000	0.566406
1864.000000	0.566406
1865.000000	0.566406
1866.000000	0.585937
1867.000000	0.605469
1868.000000	0.605469
1869.000000	0.625000
1870.000000	0.644531
1871.000000	0.664062
1872.000000	0.683594
1873.000000	0.703125
1874.000000	0.722656
1875.000000	0.742187
1876.000000	0.742187
1877.000000	0.781250
1878.000000	0.781250
1879.000000	0.781250
1880.000000	0.800781
1881.000000	0.800781
1882.000000	0.820312
1883.000000	0.820312
1884.000000	0.820312
1885.000000	0.820312
1886.000000	0.820312
1887.000000	0.820312
1888.000000	0.800781
1889.000000	0.800781
1890.000000	0.781250
1891.000000	0.761719
1892.000000	0.742187
1893.000000	0.722656
1894.000000	0.722656
1895.000000	0.703125
1896.000000	0.683594
1897.000000	0.683594
1898.000000	0.664062
1899.000000	0.664062
1900.000000	0.664062
1901.000000	0.644531
1902.000000	0.664062
1903.000000	0.703125
1904.000000	0.703125
1905.000000	0.722656
1906.000000	0.742187
1907.000000	0.761719
1908.000000	0.761719
1909.000000	0.781250
1910.000000	0.781250
1911.000000	0.820312
1912.000000	0.839844
1913.000000	0.859375
1914.000000	0.898437
1915.000000	0.898437
1916.000000	0.898437
1917.000000	0.898437
1918.000000	0.898437
1919.000000	0.878906
1920.000000	0.859375
1921.000000	0.820312
1922.000000	0.800781
1923.000000	0.761719
1924.000000	0.742187
1925.000000	0.703125
1926.000000	0.683594
1927.000000	0.683594
1928.000000	0.664062
1929.000000	0.664062
1930.000000	0.664062
1931.000000	0.683594
1932.000000	0.683594
1933.000000	0.703125
1934.000000	0.742187
1935.000000	0.761719
1936.000000	0.800781
1937.000000	0.820312
1938.000000	0.839844
1939.000000	0.839844
1940.000000	0.859375
1941.000000	0.878906
1942.000000	0.878906
1943.000000	0.878906
1944.000000	0.878906
1945.000000	0.878906
1946.000000	0.859375
1947.000000	0.800781
1948.000000	0.781250
1949.000000	0.761719
1950.000000	0.742187
1951.000000	0.722656
1952.000000	0.683594
1953.000000	0.683594
1954.000000	0.664062
1955.000000	0.644531
1956.000000	0.664062
1957.000000	0.683594
1958.000000	0.703125
1959.000000	0.703125
1960.000000	0.722656
1961.000000	0.722656
1962.000000	0.722656
1963.000000	0.722656
1964.000000	0.761719
1965.000000	0.761719
1966.000000	0.800781
1967.000000	0.800781
1968.000000	0.820312
1969.000000	0.839844
1970.000000	0.839844
1971.000000	0.839844
1972.000000	0.839844
1973.000000	0.839844
1974.000000	0.820312
1975.000000	0.820312
1976.000000	0.820312
1977.000000	0.800781
1978.000000	0.761719
1979.000000	0.761719
1980.000000	0.742187
1981.000000	0.722656
1982.000000	0.703125
1983.000000	0.664062
1984.000000	0.625000
1985.000000	0.566406
1986.000000	0.527344
1987.000000	0.488281
1988.000000	0.468750
1989.000000	0.449219
1990.000000	0.429687
1991.000000	0.449219
1992.000000	0.429687
1993.000000	0.429687
1994.000000	0.449219
1995.000000	0.468750
1996.000000	0.488281
1997.000000	0.527344
1998.000000	0.546875
1999.000000	0.566406
2000.000000	0.585937
2001.000000	0.644531
2002.000000	0.664062
2003.000000	0.683594
2004.000000	0.703125
2005.000000	0.722656
2006.000000	0.761719
2007.000000	0.781250
2008.000000	0.800781
2009.000000	0.820312
2010.000000	0.839844
2011.000000	0.839844
2012.000000	0.839844
2013.000000	0.839844
2014.000000	0.820312
2015.000000	0.800781
2016.000000	0.800781
2017.000000	0.781250
2018.000000	0.761719
2019.000000	0.742187
2020.000000	0.722656
2021.000000	0.722656
2022.000000	0.722656
2023.000000	0.703125
2024.000000	0.703125
2025.000000	0.703125
2026.000000	0.722656
2027.000000	0.722656
2028.000000	0.742187
2029.000000	0.761719
2030.000000	0.781250
2031.000000	0.781250
2032.000000	0.781250
2033.000000	0.781250
2034.000000	0.800781
2035.000000	0.839844
2036.000000	0.859375
2037.000000	0.859375
2038.000000	0.878906
2039.000000	0.898437
2040.000000	0.937500
2041.000000	0.976562
2042.000000	0.996094
2043.000000	0.996094
2044.000000	1.015625
2045.000000	1.015625
2046.000000	1.035156
2047.000000	1.054687
2048.000000	1.093750
2049.000000	1.113281
2050.000000	1.132812
2051.000000	1.132812
2052.000000	1.113281
2053.000000	1.132812
2054.000000	1.113281
2055.000000	1.113281
2056.000000	1.093750
2057.000000	1.093750
2058.000000	1.074219
2059.000000	1.054687
2060.000000	1.054687
2061.000000	1.054687
2062.000000	1.035156
2063.000000	1.035156
2064.000000	1.015625
2065.000000	0.996094
2066.000000	0.957031
2067.000000	0.937500
2068.000000	0.898437
2069.000000	0.878906
2070.000000	0.839844
2071.000000	0.839844
2072.000000	0.800781
2073.000000	0.761719
2074.000000	0.742187
2075.000000	0.703125
2076.000000	0.683594
2077.000000	0.664062
2078.000000	0.644531
2079.000000	0.644531
2080.000000	0.625000
2081.000000	0.605469
2082.000000	0.625000
2083.000000	0.625000
2084.000000	0.644531
2085.000000	0.683594
2086.000000	0.722656
2087.000000	0.742187
2088.000000	0.781250
2089.000000	0.800781
2090.000000	0.820312
2091.000000	0.839844
2092.000000	0.859375
2093.000000	0.859375
2094.000000	0.859375
2095.000000	0.878906
2096.000000	0.878906
2097.000000	0.878906
2098.000000	0.898437
2099.000000	0.917969
2100.000000	0.917969
2101.000000	0.917969
2102.000000	0.917969
2103.000000	0.917969
2104.000000	0.898437
2105.000000	0.898437
2106.000000	0.878906
2107.000000	0.859375
2108.000000	0.839844
2109.000000	0.820312
2110.000000	0.800781
2111.000000	0.781250
2112.000000	0.761719
2113.000000	0.742187
2114.000000	0.742187
2115.000000	0.722656
2116.000000	0.683594
2117.000000	0.644531
2118.000000	0.605469
2119.000000	0.566406
2120.000000	0.546875
2121.000000	0.527344
2122.000000	0.507812
2123.000000	0.488281
2124.000000	0.468750
2125.000000	0.468750
2126.000000	0.468750
2127.000000	0.468750
2128.000000	0.468750
2129.000000	0.488281
2130.000000	0.507812
2131.000000	0.507812
2132.000000	0.527344
2133.000000	0.527344
2134.000000	0.527344
2135.000000	0.566406
2136.000000	0.566406
2137.000000	0.605469
2138.000000	0.644531
2139.000000	0.683594
2140.000000	0.722656
2141.000000	0.742187
2142.000000	0.761719
2143.000000	0.781250
2144.000000	0.781250
2145.000000	0.781250
2146.000000	0.800781
2147.000000	0.800781
2148.000000	0.800781
2149.000000	0.800781
2150.000000	0.800781
2151.000000	0.781250
2152.000000	0.781250
2153.000000	0.761719
2154.000000	0.742187
2155.000000	0.722656
2156.000000	0.703125
2157.000000	0.683594
2158.000000	0.644531
2159.000000	0.605469
2160.000000	0.546875
2161.000000	0.527344
2162.000000	0.488281
2163.000000	0.449219
2164.000000	0.449219
2165.000000	0.429687
2166.000000	0.429687
2167.000000	0.449219
2168.000000	0.449219
2169.000000	0.429687
2170.000000	0.449219
2171.000000	0.468750
2172.000000	0.488281
2173.000000	0.527344
2174.000000	0.546875
2175.000000	0.585937
2176.000000	0.605469
2177.000000	0.625000
2178.000000	0.644531
2179.000000	0.644531
2180.000000	0.683594
2181.000000	0.703125
2182.000000	0.722656
2183.000000	0.761719
2184.000000	0.781250
2185.000000	0.800781
2186.000000	0.820312
2187.000000	0.839844
2188.000000	0.839844
2189.000000	0.839844
2190.000000	0.839844
2191.000000	0.839844
2192.000000	0.800781
2193.000000	0.781250
2194.000000	0.742187
2195.000000	0.722656
2196.000000	0.703125
2197.000000	0.664062
2198.000000	0.625000
2199.000000	0.605469
2200.000000	0.585937
2201.000000	0.585937
2202.000000	0.566406
2203.000000	0.546875
2204.000000	0.566406
2205.000000	0.566406
2206.000000	0.585937
2207.000000	0.605469
2208.000000	0.605469
2209.000000	0.625000
2210.000000	0.644531
2211.000000	0.683594
2212.000000	0.703125
2213.000000	0.742187
2214.000000	0.781250
2215.000000	0.820312
2216.000000	0.859375
2217.000000	0.878906
2218.000000	0.898437
2219.000000	0.917969
2220.000000	0.937500
2221.000000	0.957031
2222.000000	0.976562
2223.000000	0.996094
2224.000000	1.035156
2225.000000	1.035156
2226.000000	1.054687
2227.000000	1.054687
2228.000000	1.054687
2229.000000	1.035156
2230.000000	1.015625
2231.000000	0.996094
2232.000000	0.976562
2233.000000	0.937500
2234.000000	0.898437
2235.000000	0.859375
2236.000000	0.820312
2237.000000	0.800781
2238.000000	0.761719
2239.000000	0.742187
2240.000000	0.722656
2241.000000	0.703125
2242.000000	0.683594
2243.000000	0.664062
2244.000000	0.683594
2245.000000	0.664062
2246.000000	0.664062
2247.000000	0.664062
2248.000000	0.683594
2249.000000	0.683594
2250.000000	0.703125
2251.000000	0.703125
2252.000000	0.742187
2253.000000	0.781250
2254.000000	0.820312
2255.000000	0.839844
2256.000000	0.859375
2257.000000	0.898437
2258.000000	0.917969
2259.000000	0.937500
2260.000000	0.937500
2261.000000	0.957031
2262.000000	0.957031
2263.000000	0.976562
2264.000000	0.976562
2265.000000	0.957031
2266.000000	0.937500
2267.000000	0.898437
2268.000000	0.859375
2269.000000	0.820312
2270.000000	0.781250
2271.000000	0.722656
2272.000000	0.683594
2273.000000	0.605469
2274.000000	0.585937
2275.000000	0.527344
2276.000000	0.488281
2277.000000	0.468750
2278.000000	0.468750
2279.000000	0.468750
2280.000000	0.468750
2281.000000	0.488281
2282.000000	0.488281
2283.000000	0.507812
2284.000000	0.546875
2285.000000	0.566406
2286.000000	0.585937
2287.000000	0.625000
2288.000000	0.644531
2289.000000	0.683594
2290.000000	0.703125
2291.000000	0.742187
2292.000000	0.781250
2293.000000	0.781250
2294.000000	0.820312
2295.000000	0.839844
2296.000000	0.859375
2297.000000	0.859375
2298.000000	0.839844
2299.000000	0.839844
2300.000000	0.820312
2301.000000	0.800781
2302.000000	0.761719
2303.000000	0.722656
2304.000000	0.683594
2305.000000	0.644531
2306.000000	0.605469
2307.000000	0.566406
2308.000000	0.507812
2309.000000	0.488281
2310.000000	0.449219
2311.000000	0.429687
2312.000000	0.410156
2313.000000	0.410156
2314.000000	0.410156
2315.000000	0.410156
2316.000000	0.429687
2317.000000	0.449219
2318.000000	0.468750
2319.000000	0.507812
2320.000000	0.546875
2321.000000	0.585937
2322.000000	0.625000
2323.000000	0.664062
2324.000000	0.703125
2325.000000	0.722656
2326.000000	0.761719
2327.000000	0.800781
2328.000000	0.781250
2329.000000	0.820312
2330.000000	0.820312
2331.000000	0.820312
2332.000000	0.800781
2333.000000	0.781250
2334.000000	0.761719
2335.000000	0.742187
2336.000000	0.722656
2337.000000	0.722656
2338.000000	0.703125
2339.000000	0.683594
2340.000000	0.644531
2341.000000	0.625000
2342.000000	0.625000
2343.000000	0.625000
2344.000000	0.625000
2345.000000	0.625000
2346.000000	0.625000
2347.000000	0.644531
2348.000000	0.664062
2349.000000	0.683594
2350.000000	0.703125
2351.000000	0.742187
2352.000000	0.781250
2353.000000	0.800781
2354.000000	0.820312
2355.000000	0.839844
2356.000000	0.878906
2357.000000	0.898437
2358.000000	0.937500
2359.000000	0.937500
2360.000000	0.937500
2361.000000	0.937500
2362.000000	0.917969
2363.000000	0.917969
2364.000000	0.898437
2365.000000	0.859375
2366.000000	0.839844
2367.000000	0.800781
2368.000000	0.781250
2369.000000	0.761719
2370.000000	0.722656
2371.000000	0.703125
2372.000000	0.703125
2373.000000	0.703125
2374.000000	0.703125
2375.000000	0.722656
2376.000000	0.722656
2377.000000	0.722656
2378.000000	0.742187
2379.000000	0.761719
2380.000000	0.781250
2381.000000	0.820312
2382.000000	0.839844
2383.000000	0.859375
2384.000000	0.878906
2385.000000	0.917969
2386.000000	0.937500
2387.000000	0.957031
2388.000000	0.996094
2389.000000	0.996094
2390.000000	0.996094
2391.000000	0.976562
2392.000000	0.957031
2393.000000	0.937500
2394.000000	0.917969
2395.000000	0.878906
2396.000000	0.859375
2397.000000	0.820312
2398.000000	0.800781
2399.000000	0.761719
2400.000000	0.742187
2401.000000	0.722656
2402.000000	0.703125
2403.000000	0.683594
2404.000000	0.664062
2405.000000	0.664062
2406.000000	0.664062
2407.000000	0.644531
2408.000000	0.644531
2409.000000	0.664062
2410.000000	0.683594
2411.000000	0.683594
2412.000000	0.703125
2413.000000	0.722656
2414.000000	0.742187
2415.000000	0.761719
2416.000000	0.781250
2417.000000	0.800781
2418.000000	0.800781
2419.000000	0.820312
2420.000000	0.820312
2421.000000	0.839844
2422.000000	0.859375
2423.000000	0.839844
2424.000000	0.859375
2425.000000	0.878906
2426.000000	0.859375
2427.000000	0.859375
2428.000000	0.859375
2429.000000	0.839844
2430.000000	0.820312
2431.000000	0.781250
2432.000000	0.761719
2433.000000	0.742187
2434.000000	0.703125
2435.000000	0.664062
2436.000000	0.625000
2437.000000	0.585937
2438.000000	0.546875
2439.000000	0.507812
2440.000000	0.488281
2441.000000	0.449219
2442.000000	0.429687
2443.000000	0.410156
2444.000000	0.390625
2445.000000	0.390625
2446.000000	0.410156
2447.000000	0.410156
2448.000000	0.429687
2449.000000	0.449219
2450.000000	0.468750
2451.000000	0.507812
2452.000000	0.546875
2453.000000	0.566406
2454.000000	0.605469
2455.000000	0.644531
2456.000000	0.664062
2457.000000	0.703125
2458.000000	0.722656
2459.000000	0.781250
2460.000000	0.781250
2461.000000	0.800781
2462.000000	0.800781
2463.000000	0.800781
2464.000000	0.800781
2465.000000	0.781250
2466.000000	0.781250
2467.000000	0.761719
2468.000000	0.722656
2469.000000	0.703125
2470.000000	0.683594
2471.000000	0.664062
2472.000000	0.644531
2473.000000	0.605469
2474.000000	0.585937
2475.000000	0.546875
2476.000000	0.507812
2477.000000	0.488281
2478.000000	0.468750
2479.000000	0.429687
2480.000000	0.410156
2481.000000	0.390625
2482.000000	0.390625
2483.000000	0.390625
2484.000000	0.410156
2485.000000	0.410156
2486.000000	0.429687
2487.000000	0.449219
2488.000000	0.488281
2489.000000	0.507812
2490.000000	0.546875
2491.000000	0.585937
2492.000000	0.625000
2493.000000	0.644531
2494.000000	0.703125
2495.000000	0.722656
2496.000000	0.781250
2497.000000	0.820312
2498.000000	0.839844
2499.000000	0.878906
2500.000000	0.878906
2501.000000	0.898437
2502.000000	0.898437
2503.000000	0.898437
2504.000000	0.898437
2505.000000	0.878906
2506.000000	0.878906
2507.000000	0.839844
2508.000000	0.820312
2509.000000	0.800781
2510.000000	0.781250
2511.000000	0.761719
2512.000000	0.722656
2513.000000	0.722656
2514.000000	0.703125
2515.000000	0.683594
2516.000000	0.683594
2517.000000	0.664062
2518.000000	0.644531
2519.000000	0.625000
2520.000000	0.605469
2521.000000	0.585937
2522.000000	0.566406
2523.000000	0.546875
2524.000000	0.527344
2525.000000	0.546875
2526.000000	0.546875
2527.000000	0.546875
2528.000000	0.546875
2529.000000	0.585937
2530.000000	0.585937
2531.000000	0.625000
2532.000000	0.644531
2533.000000	0.664062
2534.000000	0.683594
2535.000000	0.722656
2536.000000	0.761719
2537.000000	0.781250
2538.000000	0.820312
2539.000000	0.839844
2540.000000	0.859375
2541.000000	0.878906
2542.000000	0.898437
2543.000000	0.898437
2544.000000	0.898437
2545.000000	0.917969
2546.000000	0.937500
2547.000000	0.937500
2548.000000	0.937500
2549.000000	0.937500
2550.000000	0.937500
2551.000000	0.937500
2552.000000	0.917969
2553.000000	0.878906
2554.000000	0.859375
2555.000000	0.800781
2556.000000	0.781250
2557.000000	0.742187
2558.000000	0.683594
2559.000000	0.644531
2560.000000	0.605469
2561.000000	0.585937
2562.000000	0.566406
2563.000000	0.566406
2564.000000	0.566406
2565.000000	0.546875
2566.000000	0.527344
2567.000000	0.546875
2568.000000	0.527344
2569.000000	0.527344
2570.000000	0.546875
2571.000000	0.527344
2572.000000	0.527344
2573.000000	0.527344
2574.000000	0.527344
2575.000000	0.546875
2576.000000	0.566406
2577.000000	0.585937
2578.000000	0.625000
2579.000000	0.644531
2580.000000	0.664062
2581.000000	0.683594
2582.000000	0.703125
2583.000000	0.722656
2584.000000	0.742187
2585.000000	0.761719
2586.000000	0.781250
2587.000000	0.800781
2588.000000	0.820312
2589.000000	0.839844
2590.000000	0.859375
2591.000000	0.859375
2592.000000	0.839844
2593.000000	0.820312
2594.000000	0.800781
2595.000000	0.781250
2596.000000	0.742187
2597.000000	0.703125
2598.000000	0.664062
2599.000000	0.625000
2600.000000	0.585937
2601.000000	0.527344
2602.000000	0.488281
2603.000000	0.429687
2604.000000	0.390625
2605.000000	0.371094
2606.000000	0.332031
2607.000000	0.312500
2608.000000	0.292969
2609.000000	0.292969
2610.000000	0.292969
2611.000000	0.292969
2612.000000	0.332031
2613.000000	0.351562
2614.000000	0.390625
2615.000000	0.410156
2616.000000	0.468750
2617.000000	0.507812
2618.000000	0.566406
2619.000000	0.605469
2620.000000	0.644531
2621.000000	0.683594
2622.000000	0.722656
2623.000000	0.761719
2624.000000	0.800781
2625.000000	0.820312
2626.000000	0.839844
2627.000000	0.839844
2628.000000	0.839844
2629.000000	0.839844
2630.000000	0.800781
2631.000000	0.800781
2632.000000	0.761719
2633.000000	0.742187
2634.000000	0.703125
2635.000000	0.644531
2636.000000	0.605469
2637.000000	0.566406
2638.000000	0.546875
2639.000000	0.507812
2640.000000	0.488281
2641.000000	0.468750
2642.000000	0.468750
2643.000000	0.488281
2644.000000	0.507812
2645.000000	0.527344
2646.000000	0.566406
2647.000000	0.605469
2648.000000	0.644531
2649.000000	0.683594
2650.000000	0.742187
2651.000000	0.761719
2652.000000	0.800781
2653.000000	0.839844
2654.000000	0.839844
2655.000000	0.878906
2656.000000	0.898437
2657.000000	0.878906
2658.000000	0.898437
2659.000000	0.878906
2660.000000	0.859375
2661.000000	0.839844
2662.000000	0.800781
2663.000000	0.781250
2664.000000	0.742187
2665.000000	0.703125
2666.000000	0.683594
2667.000000	0.644531
2668.000000	0.625000
2669.000000	0.585937
2670.000000	0.566406
2671.000000	0.527344
2672.000000	0.507812
2673.000000	0.507812
2674.000000	0.507812
2675.000000	0.488281
2676.000000	0.507812
2677.000000	0.527344
2678.000000	0.566406
2679.000000	0.605469
2680.000000	0.664062
2681.000000	0.703125
2682.000000	0.742187
2683.000000	0.800781
2684.000000	0.839844
2685.000000	0.898437
2686.000000	0.917969
2687.000000	0.957031
2688.000000	0.976562
2689.000000	0.996094
2690.000000	1.015625
2691.000000	0.996094
2692.000000	1.015625
2693.000000	1.015625
2694.000000	1.015625
2695.000000	0.996094
2696.000000	0.976562
2697.000000	0.957031
2698.000000	0.917969
2699.000000	0.898437
2700.000000	0.859375
2701.000000	0.820312
2702.000000	0.781250
2703.000000	0.742187
2704.000000	0.683594
2705.000000	0.664062
2706.000000	0.644531
2707.000000	0.605469
2708.000000	0.585937
2709.000000	0.585937
2710.000000	0.546875
2711.000000	0.546875
2712.000000	0.527344
2713.000000	0.527344
2714.000000	0.546875
2715.000000	0.566406
2716.000000	0.585937
2717.000000	0.625000
2718.000000	0.644531
2719.000000	0.664062
2720.000000	0.703125
2721.000000	0.742187
2722.000000	0.800781
2723.000000	0.839844
2724.000000	0.878906
2725.000000	0.898437
2726.000000	0.898437
2727.000000	0.898437
2728.000000	0.898437
2729.000000	0.878906
2730.000000	0.839844
2731.000000	0.800781
2732.000000	0.761719
2733.000000	0.722656
2734.000000	0.683594
2735.000000	0.625000
2736.000000	0.625000
2737.000000	0.585937
2738.000000	0.546875
2739.000000	0.527344
2740.000000	0.507812
2741.000000	0.488281
2742.000000	0.488281
2743.000000	0.468750
2744.000000	0.488281
2745.000000	0.488281
2746.000000	0.507812
2747.000000	0.527344
2748.000000	0.546875
2749.000000	0.566406
2750.000000	0.605469
2751.000000	0.644531
2752.000000	0.683594
2753.000000	0.703125
2754.000000	0.703125
2755.000000	0.722656
2756.000000	0.722656
2757.000000	0.722656
2758.000000	0.683594
2759.000000	0.683594
2760.000000	0.644531
2761.000000	0.644531
2762.000000	0.605469
2763.000000	0.566406
2764.000000	0.546875
2765.000000	0.507812
2766.000000	0.488281
2767.000000	0.449219
2768.000000	0.449219
2769.000000	0.410156
2770.000000	0.410156
2771.000000	0.410156
2772.000000	0.429687
2773.000000	0.449219
2774.000000	0.468750
2775.000000	0.507812
2776.000000	0.527344
2777.000000	0.566406
2778.000000	0.585937
2779.000000	0.605469
2780.000000	0.625000
2781.000000	0.644531
2782.000000	0.664062
2783.000000	0.664062
2784.000000	0.664062
2785.000000	0.644531
2786.000000	0.644531
2787.000000	0.625000
2788.000000	0.625000
2789.000000	0.625000
2790.000000	0.605469
2791.000000	0.585937
2792.000000	0.566406
2793.000000	0.566406
2794.000000	0.566406
2795.000000	0.566406
2796.000000	0.546875
2797.000000	0.546875
2798.000000	0.566406
2799.000000	0.585937
2800.000000	0.585937
2801.000000	0.625000
2802.000000	0.644531
2803.000000	0.664062
2804.000000	0.683594
2805.000000	0.683594
2806.000000	0.722656
2807.000000	0.722656
2808.000000	0.761719
2809.000000	0.781250
2810.000000	0.800781
2811.000000	0.839844
2812.000000	0.839844
2813.000000	0.859375
2814.000000	0.839844
2815.000000	0.859375
2816.000000	0.859375
2817.000000	0.859375
2818.000000	0.859375
2819.000000	0.839844
2820.000000	0.839844
2821.000000	0.820312
2822.000000	0.800781
2823.000000	0.781250
2824.000000	0.761719
2825.000000	0.761719
2826.000000	0.742187
2827.000000	0.722656
2828.000000	0.703125
2829.000000	0.683594
2830.000000	0.683594
2831.000000	0.683594
2832.000000	0.703125
2833.000000	0.703125
2834.000000	0.722656
2835.000000	0.742187
2836.000000	0.742187
2837.000000	0.761719
2838.000000	0.761719
2839.000000	0.781250
2840.000000	0.781250
2841.000000	0.781250
2842.000000	0.781250
2843.000000	0.781250
2844.000000	0.761719
2845.000000	0.761719
2846.000000	0.761719
2847.000000	0.761719
2848.000000	0.761719
2849.000000	0.761719
2850.000000	0.761719
2851.000000	0.742187
2852.000000	0.722656
2853.000000	0.703125
2854.000000	0.703125
2855.000000	0.683594
2856.000000	0.683594
2857.000000	0.683594
2858.000000	0.683594
2859.000000	0.683594
2860.000000	0.703125
2861.000000	0.722656
2862.000000	0.722656
2863.000000	0.742187
2864.000000	0.761719
2865.000000	0.781250
2866.000000	0.781250
2867.000000	0.800781
2868.000000	0.820312
2869.000000	0.839844
2870.000000	0.859375
2871.000000	0.859375
2872.000000	0.878906
2873.000000	0.878906
2874.000000	0.878906
2875.000000	0.878906
2876.000000	0.878906
2877.000000	0.859375
2878.000000	0.859375
2879.000000	0.859375
2880.000000	0.820312
2881.000000	0.820312
2882.000000	0.800781
2883.000000	0.800781
2884.000000	0.800781
2885.000000	0.800781
2886.000000	0.781250
2887.000000	0.761719
2888.000000	0.761719
2889.000000	0.742187
2890.000000	0.742187
2891.000000	0.742187
2892.000000	0.742187
2893.000000	0.742187
2894.000000	0.742187
2895.000000	0.742187
2896.000000	0.761719
2897.000000	0.781250
2898.000000	0.781250
2899.000000	0.800781
2900.000000	0.820312
2901.000000	0.820312
2902.000000	0.839844
2903.000000	0.839844
2904.000000	0.820312
2905.000000	0.820312
2906.000000	0.800781
2907.000000	0.781250
2908.000000	0.761719
2909.000000	0.761719
2910.000000	0.722656
2911.000000	0.703125
2912.000000	0.683594
2913.000000	0.644531
2914.000000	0.605469
2915.000000	0.625000
2916.000000	0.605469
2917.000000	0.585937
2918.000000	0.585937
2919.000000	0.585937
2920.000000	0.585937
2921.000000	0.585937
2922.000000	0.566406
2923.000000	0.566406
2924.000000	0.566406
2925.000000	0.566406
2926.000000	0.585937
2927.000000	0.605469
2928.000000	0.644531
2929.000000	0.644531
2930.000000	0.664062
2931.000000	0.683594
2932.000000	0.683594
2933.000000	0.703125
2934.000000	0.722656
2935.000000	0.722656
2936.000000	0.703125
2937.000000	0.703125
2938.000000	0.683594
2939.000000	0.664062
2940.000000	0.644531
2941.000000	0.625000
2942.000000	0.605469
2943.000000	0.566406
2944.000000	0.566406
2945.000000	0.546875
2946.000000	0.507812
2947.000000	0.488281
2948.000000	0.449219
2949.000000	0.449219
2950.000000	0.429687
2951.000000	0.429687
2952.000000	0.410156
2953.000000	0.410156
2954.000000	0.429687
2955.000000	0.429687
2956.000000	0.449219
2957.000000	0.468750
2958.000000	0.507812
2959.000000	0.546875
2960.000000	0.566406
2961.000000	0.605469
2962.000000	0.625000
2963.000000	0.644531
2964.000000	0.683594
2965.000000	0.683594
2966.000000	0.703125
2967.000000	0.722656
2968.000000	0.722656
2969.000000	0.703125
2970.000000	0.703125
2971.000000	0.683594
2972.000000	0.664062
2973.000000	0.644531
2974.000000	0.625000
2975.000000	0.605469
2976.000000	0.585937
2977.000000	0.566406
2978.000000	0.566406
2979.000000	0.566406
2980.000000	0.566406
2981.000000	0.585937
2982.000000	0.585937
2983.000000	0.585937
2984.000000	0.585937
2985.000000	0.605469
2986.000000	0.644531
2987.000000	0.664062
2988.000000	0.683594
2989.000000	0.703125
2990.000000	0.742187
2991.000000	0.781250
2992.000000	0.800781
2993.000000	0.839844
2994.000000	0.859375
2995.000000	0.878906
2996.000000	0.898437
2997.000000	0.917969
2998.000000	0.937500
2999.000000	0.937500
3000.000000	0.937500
3001.000000	0.937500
3002.000000	0.917969
3003.000000	0.898437
3004.000000	0.878906
3005.000000	0.878906
3006.000000	0.859375
3007.000000	0.839844
3008.000000	0.820312
3009.000000	0.800781
3010.000000	0.781250
3011.000000	0.761719
3012.000000	0.722656
3013.000000	0.722656
3014.000000	0.683594
3015.000000	0.683594
3016.000000	0.683594
3017.000000	0.683594
3018.000000	0.703125
3019.000000	0.703125
3020.000000	0.742187
3021.000000	0.761719
3022.000000	0.781250
3023.000000	0.800781
3024.000000	0.820312
3025.000000	0.839844
3026.000000	0.859375
3027.000000	0.859375
3028.000000	0.859375
3029.000000	0.859375
3030.000000	0.859375
3031.000000	0.839844
3032.000000	0.839844
3033.000000	0.839844
3034.000000	0.800781
3035.000000	0.781250
3036.000000	0.761719
3037.000000	0.761719
3038.000000	0.742187
3039.000000	0.722656
3040.000000	0.722656
3041.000000	0.722656
3042.000000	0.742187
3043.000000	0.742187
3044.000000	0.742187
3045.000000	0.761719
3046.000000	0.781250
3047.000000	0.781250
3048.000000	0.820312
3049.000000	0.839844
3050.000000	0.839844
3051.000000	0.859375
3052.000000	0.859375
3053.000000	0.859375
3054.000000	0.859375
3055.000000	0.839844
3056.000000	0.820312
3057.000000	0.820312
3058.000000	0.781250
3059.000000	0.761719
3060.000000	0.742187
3061.000000	0.722656
3062.000000	0.683594
3063.000000	0.683594
3064.000000	0.644531
3065.000000	0.625000
3066.000000	0.605469
3067.000000	0.585937
3068.000000	0.585937
3069.000000	0.566406
3070.000000	0.566406
3071.000000	0.585937
3072.000000	0.605469
3073.000000	0.644531
3074.000000	0.664062
3075.000000	0.703125
3076.000000	0.722656
3077.000000	0.742187
3078.000000	0.781250
3079.000000	0.781250
3080.000000	0.800781
3081.000000	0.781250
3082.000000	0.781250
3083.000000	0.761719
3084.000000	0.742187
3085.000000	0.722656
3086.000000	0.683594
3087.000000	0.664062
3088.000000	0.625000
3089.000000	0.585937
3090.000000	0.566406
3091.000000	0.546875
3092.000000	0.507812
3093.000000	0.488281
3094.000000	0.488281
3095.000000	0.468750
3096.000000	0.488281
3097.000000	0.507812
3098.000000	0.527344
3099.000000	0.546875
3100.000000	0.566406
3101.000000	0.585937
3102.000000	0.605469
3103.000000	0.644531
3104.000000	0.683594
3105.000000	0.703125
3106.000000	0.742187
3107.000000	0.761719
3108.000000	0.781250
3109.000000	0.781250
3110.000000	0.781250
3111.000000	0.761719
3112.000000	0.742187
3113.000000	0.722656
3114.000000	0.722656
3115.000000	0.703125
3116.000000	0.664062
3117.000000	0.644531
3118.000000	0.625000
3119.000000	0.585937
3120.000000	0.566406
3121.000000	0.546875
3122.000000	0.527344
3123.000000	0.527344
3124.000000	0.527344
3125.000000	0.527344
3126.000000	0.527344
3127.000000	0.527344
3128.000000	0.527344
3129.000000	0.546875
3130.000000	0.585937
3131.000000	0.605469
3132.000000	0.644531
3133.000000	0.664062
3134.000000	0.683594
3135.000000	0.742187
3136.000000	0.761719
3137.000000	0.800781
3138.000000	0.859375
3139.000000	0.878906
3140.000000	0.898437
3141.000000	0.917969
3142.000000	0.937500
3143.000000	0.937500
3144.000000	0.937500
3145.000000	0.937500
3146.000000	0.917969
3147.000000	0.917969
3148.000000	0.898437
3149.000000	0.859375
3150.000000	0.839844
3151.000000	0.820312
3152.000000	0.781250
3153.000000	0.761719
3154.000000	0.703125
3155.000000	0.664062
3156.000000	0.605469
3157.000000	0.585937
3158.000000	0.585937
3159.000000	0.546875
3160.000000	0.546875
3161.000000	0.546875
3162.000000	0.546875
3163.000000	0.566406
3164.000000	0.566406
3165.000000	0.566406
3166.000000	0.585937
3167.000000	0.605469
3168.000000	0.625000
3169.000000	0.644531
3170.000000	0.664062
3171.000000	0.703125
3172.000000	0.722656
3173.000000	0.761719
3174.000000	0.781250
3175.000000	0.820312
3176.000000	0.859375
3177.000000	0.898437
3178.000000	0.937500
3179.000000	0.957031
3180.000000	0.996094
3181.000000	1.015625
3182.000000	1.035156
3183.000000	1.054687
3184.000000	1.074219
3185.000000	1.093750
3186.000000	1.113281
3187.000000	1.132812
3188.000000	1.132812
3189.000000	1.132812
3190.000000	1.132812
3191.000000	1.113281
3192.000000	1.113281
3193.000000	1.093750
3194.000000	1.074219
3195.000000	1.035156
3196.000000	1.015625
3197.000000	0.976562
3198.000000	0.957031
3199.000000	0.917969
3200.000000	0.898437
3201.000000	0.859375
3202.000000	0.839844
3203.000000	0.800781
3204.000000	0.761719
3205.000000	0.742187
3206.000000	0.703125
3207.000000	0.664062
3208.000000	0.625000
3209.000000	0.625000
3210.000000	0.605469
3211.000000	0.605469
3212.000000	0.585937
3213.000000	0.585937
3214.000000	0.605469
3215.000000	0.605469
3216.000000	0.625000
3217.000000	0.644531
3218.000000	0.644531
3219.000000	0.683594
3220.000000	0.703125
3221.000000	0.722656
3222.000000	0.761719
3223.000000	0.781250
3224.000000	0.820312
3225.000000	0.839844
3226.000000	0.859375
3227.000000	0.878906
3228.000000	0.878906
3229.000000	0.878906
3230.000000	0.878906
3231.000000	0.898437
3232.000000	0.898437
3233.000000	0.878906
3234.000000	0.859375
3235.000000	0.839844
3236.000000	0.820312
3237.000000	0.820312
3238.000000	0.781250
3239.000000	0.761719
3240.000000	0.742187
3241.000000	0.703125
3242.000000	0.664062
3243.000000	0.625000
3244.000000	0.585937
3245.000000	0.527344
3246.000000	0.488281
3247.000000	0.468750
3248.000000	0.429687
3249.000000	0.390625
3250.000000	0.371094
3251.000000	0.351562
3252.000000	0.332031
3253.000000	0.332031
3254.000000	0.351562
3255.000000	0.371094
3256.000000	0.390625
3257.000000	0.429687
3258.000000	0.468750
3259.000000	0.507812
3260.000000	0.546875
3261.000000	0.585937
3262.000000	0.605469
3263.000000	0.644531
3264.000000	0.644531
3265.000000	0.664062
3266.000000	0.664062
3267.000000	0.683594
3268.000000	0.683594
3269.000000	0.644531
3270.000000	0.644531
3271.000000	0.644531
3272.000000	0.625000
3273.000000	0.605469
3274.000000	0.605469
3275.000000	0.585937
3276.000000	0.566406
3277.000000	0.566406
3278.000000	0.546875
3279.000000	0.507812
3280.000000	0.488281
3281.000000	0.468750
3282.000000	0.449219
3283.000000	0.429687
3284.000000	0.429687
3285.000000	0.429687
3286.000000	0.429687
3287.000000	0.429687
3288.000000	0.449219
3289.000000	0.468750
3290.000000	0.488281
3291.000000	0.546875
3292.000000	0.585937
3293.000000	0.625000
3294.000000	0.664062
3295.000000	0.683594
3296.000000	0.703125
3297.000000	0.742187
3298.000000	0.761719
3299.000000	0.781250
3300.000000	0.800781
3301.000000	0.820312
3302.000000	0.839844
3303.000000	0.820312
3304.000000	0.839844
3305.000000	0.839844
3306.000000	0.839844
3307.000000	0.820312
3308.000000	0.800781
3309.000000	0.781250
3310.000000	0.761719
3311.000000	0.722656
3312.000000	0.703125
3313.000000	0.683594
3314.000000	0.644531
3315.000000	0.625000
3316.000000	0.605469
3317.000000	0.605469
3318.000000	0.585937
3319.000000	0.585937
3320.000000	0.585937
3321.000000	0.566406
3322.000000	0.585937
3323.000000	0.585937
3324.000000	0.605469
3325.000000	0.625000
3326.000000	0.664062
3327.000000	0.683594
3328.000000	0.703125
3329.000000	0.742187
3330.000000	0.781250
3331.000000	0.800781
3332.000000	0.859375
3333.000000	0.878906
3334.000000	0.917969
3335.000000	0.957031
3336.000000	0.976562
3337.000000	1.015625
3338.000000	1.035156
3339.000000	1.035156
3340.000000	1.054687
3341.000000	1.054687
3342.000000	1.054687
3343.000000	1.035156
3344.000000	0.996094
3345.000000	0.996094
3346.000000	0.957031
3347.000000	0.917969
3348.000000	0.898437
3349.000000	0.859375
3350.000000	0.839844
3351.000000	0.800781
3352.000000	0.761719
3353.000000	0.742187
3354.000000	0.722656
3355.000000	0.722656
3356.000000	0.722656
3357.000000	0.703125
3358.000000	0.703125
3359.000000	0.703125
3360.000000	0.703125
3361.000000	0.722656
3362.000000	0.761719
3363.000000	0.781250
3364.000000	0.820312
3365.000000	0.839844
3366.000000	0.878906
3367.000000	0.898437
3368.000000	0.917969
3369.000000	0.937500
3370.000000	0.937500
3371.000000	0.976562
3372.000000	0.957031
3373.000000	0.957031
3374.000000	0.957031
3375.000000	0.937500
3376.000000	0.937500
3377.000000	0.898437
3378.000000	0.859375
3379.000000	0.839844
3380.000000	0.781250
3381.000000	0.742187
3382.000000	0.703125
3383.000000	0.644531
3384.000000	0.605469
3385.000000	0.546875
3386.000000	0.527344
3387.000000	0.507812
3388.000000	0.488281
3389.000000	0.468750
3390.000000	0.468750
3391.000000	0.468750
3392.000000	0.488281
3393.000000	0.507812
3394.000000	0.527344
3395.000000	0.566406
3396.000000	0.585937
3397.000000	0.605469
3398.000000	0.644531
3399.000000	0.703125
3400.000000	0.722656
3401.000000	0.742187
3402.000000	0.781250
3403.000000	0.820312
3404.000000	0.820312
3405.000000	0.820312
3406.000000	0.839844
3407.000000	0.839844
3408.000000	0.839844
3409.000000	0.839844
3410.000000	0.820312
3411.000000	0.800781
3412.000000	0.800781
3413.000000	0.781250
3414.000000	0.761719
3415.000000	0.722656
3416.000000	0.703125
3417.000000	0.664062
3418.000000	0.625000
3419.000000	0.605469
3420.000000	0.566406
3421.000000	0.546875
3422.000000	0.527344
3423.000000	0.488281
3424.000000	0.488281
3425.000000	0.468750
3426.000000	0.468750
3427.000000	0.468750
3428.000000	0.468750
3429.000000	0.488281
3430.000000	0.488281
3431.000000	0.488281
3432.000000	0.527344
3433.000000	0.566406
3434.000000	0.585937
3435.000000	0.625000
3436.000000	0.644531
3437.000000	0.683594
3438.000000	0.703125
3439.000000	0.742187
3440.000000	0.742187
3441.000000	0.781250
3442.000000	0.761719
3443.000000	0.781250
3444.000000	0.781250
3445.000000	0.781250
3446.000000	0.781250
3447.000000	0.761719
3448.000000	0.742187
3449.000000	0.722656
3450.000000	0.703125
3451.000000	0.664062
3452.000000	0.644531
3453.000000	0.605469
3454.000000	0.585937
3455.000000	0.546875
3456.000000	0.546875
3457.000000	0.527344
3458.000000	0.527344
3459.000000	0.527344
3460.000000	0.527344
3461.000000	0.546875
3462.000000	0.566406
3463.000000	0.585937
3464.000000	0.625000
3465.000000	0.644531
3466.000000	0.703125
3467.000000	0.742187
3468.000000	0.800781
3469.000000	0.839844
3470.000000	0.859375
3471.000000	0.917969
3472.000000	0.937500
3473.000000	0.976562
3474.000000	0.996094
3475.000000	0.996094
3476.000000	0.996094
3477.000000	1.015625
3478.000000	1.015625
3479.000000	1.015625
3480.000000	0.976562
3481.000000	0.976562
3482.000000	0.957031
3483.000000	0.937500
3484.000000	0.898437
3485.000000	0.839844
3486.000000	0.800781
3487.000000	0.742187
3488.000000	0.703125
3489.000000	0.664062
3490.000000	0.625000
3491.000000	0.605469
3492.000000	0.585937
3493.000000	0.605469
3494.000000	0.605469
3495.000000	0.625000
3496.000000	0.644531
3497.000000	0.683594
3498.000000	0.722656
3499.000000	0.761719
3500.000000	0.800781
3501.000000	0.839844
3502.000000	0.878906
3503.000000	0.917969
3504.000000	0.937500
3505.000000	0.957031
3506.000000	0.976562
3507.000000	0.976562
3508.000000	0.976562
3509.000000	0.957031
3510.000000	0.937500
3511.000000	0.898437
3512.000000	0.898437
3513.000000	0.878906
3514.000000	0.839844
3515.000000	0.820312
3516.000000	0.781250
3517.000000	0.761719
3518.000000	0.722656
3519.000000	0.722656
3520.000000	0.703125
3521.000000	0.703125
3522.000000	0.683594
3523.000000	0.703125
3524.000000	0.703125
3525.000000	0.722656
3526.000000	0.742187
3527.000000	0.761719
3528.000000	0.761719
3529.000000	0.800781
3530.000000	0.800781
3531.000000	0.839844
3532.000000	0.859375
3533.000000	0.878906
3534.000000	0.898437
3535.000000	0.898437
3536.000000	0.917969
3537.000000	0.898437
3538.000000	0.878906
3539.000000	0.859375
3540.000000	0.820312
3541.000000	0.781250
3542.000000	0.761719
3543.000000	0.722656
3544.000000	0.703125
3545.000000	0.664062
3546.000000	0.625000
3547.000000	0.605469
3548.000000	0.566406
3549.000000	0.566406
3550.000000	0.546875
3551.000000	0.527344
3552.000000	0.507812
3553.000000	0.527344
3554.000000	0.527344
3555.000000	0.527344
3556.000000	0.546875
3557.000000	0.546875
3558.000000	0.585937
3559.000000	0.605469
3560.000000	0.625000
3561.000000	0.644531
3562.000000	0.683594
3563.000000	0.703125
3564.000000	0.703125
3565.000000	0.742187
3566.000000	0.761719
3567.000000	0.761719
3568.000000	0.781250
3569.000000	0.781250
3570.000000	0.781250
3571.000000	0.761719
3572.000000	0.761719
3573.000000	0.742187
3574.000000	0.742187
3575.000000	0.722656
3576.000000	0.722656
3577.000000	0.683594
3578.000000	0.683594
3579.000000	0.644531
3580.000000	0.605469
3581.000000	0.585937
3582.000000	0.566406
3583.000000	0.527344
3584.000000	0.507812
3585.000000	0.488281
3586.000000	0.488281
3587.000000	0.468750
3588.000000	0.468750
3589.000000	0.449219
3590.000000	0.449219
3591.000000	0.468750
3592.000000	0.468750
3593.000000	0.468750
3594.000000	0.488281
3595.000000	0.507812
3596.000000	0.527344
3597.000000	0.546875
3598.000000	0.585937
3599.000000	0.605469
3600.000000	0.625000
3601.000000	0.644531
3602.000000	0.664062
3603.000000	0.703125
3604.000000	0.742187
3605.000000	0.761719
3606.000000	0.800781
3607.000000	0.820312
3608.000000	0.839844
3609.000000	0.859375
3610.000000	0.859375
3611.000000	0.839844
3612.000000	0.839844
3613.000000	0.820312
3614.000000	0.800781
3615.000000	0.800781
3616.000000	0.761719
3617.000000	0.761719
3618.000000	0.722656
3619.000000	0.683594
3620.000000	0.683594
3621.000000	0.644531
3622.000000	0.625000
3623.000000	0.605469
3624.000000	0.585937
3625.000000	0.566406
3626.000000	0.546875
3627.000000	0.527344
3628.000000	0.527344
3629.000000	0.527344
3630.000000	0.546875
3631.000000	0.546875
3632.000000	0.585937
3633.000000	0.605469
3634.000000	0.644531
3635.000000	0.683594
3636.000000	0.722656
3637.000000	0.761719
3638.000000	0.800781
3639.000000	0.839844
3640.000000	0.878906
3641.000000	0.898437
3642.000000	0.917969
3643.000000	0.937500
3644.000000	0.937500
3645.000000	0.937500
3646.000000	0.917969
3647.000000	0.898437
3648.000000	0.898437
3649.000000	0.878906
3650.000000	0.859375
3651.000000	0.839844
3652.000000	0.820312
3653.000000	0.781250
3654.000000	0.761719
3655.000000	0.722656
3656.000000	0.703125
3657.000000	0.683594
3658.000000	0.664062
3659.000000	0.664062
3660.000000	0.644531
3661.000000	0.644531
3662.000000	0.644531
3663.000000	0.644531
3664.000000	0.664062
3665.000000	0.683594
3666.000000	0.703125
3667.000000	0.742187
3668.000000	0.761719
3669.000000	0.800781
3670.000000	0.820312
3671.000000	0.878906
3672.000000	0.917969
3673.000000	0.937500
3674.000000	0.976562
3675.000000	0.976562
3676.000000	0.996094
3677.000000	0.996094
3678.000000	0.996094
3679.000000	0.996094
3680.000000	0.976562
3681.000000	0.957031
3682.000000	0.937500
3683.000000	0.917969
3684.000000	0.898437
3685.000000	0.878906
3686.000000	0.859375
3687.000000	0.800781
3688.000000	0.761719
3689.000000	0.722656
3690.000000	0.664062
3691.000000	0.644531
3692.000000	0.605469
3693.000000	0.585937
3694.000000	0.566406
3695.000000	0.546875
3696.000000	0.546875
3697.000000	0.566406
3698.000000	0.566406
3699.000000	0.585937
3700.000000	0.605469
3701.000000	0.644531
3702.000000	0.683594
3703.000000	0.722656
3704.000000	0.761719
3705.000000	0.800781
3706.000000	0.839844
3707.000000	0.878906
3708.000000	0.898437
3709.000000	0.917969
3710.000000	0.917969
3711.000000	0.917969
3712.000000	0.917969
3713.000000	0.898437
3714.000000	0.878906
3715.000000	0.859375
3716.000000	0.820312
3717.000000	0.800781
3718.000000	0.761719
3719.000000	0.703125
3720.000000	0.683594
3721.000000	0.625000
3722.000000	0.605469
3723.000000	0.546875
3724.000000	0.527344
3725.000000	0.507812
3726.000000	0.488281
3727.000000	0.488281
3728.000000	0.488281
3729.000000	0.468750
3730.000000	0.488281
3731.000000	0.488281
3732.000000	0.507812
3733.000000	0.507812
3734.000000	0.527344
3735.000000	0.546875
3736.000000	0.585937
3737.000000	0.605469
3738.000000	0.625000
3739.000000	0.664062
3740.000000	0.683594
3741.000000	0.722656
3742.000000	0.761719
3743.000000	0.781250
3744.000000	0.800781
3745.000000	0.800781
3746.000000	0.800781
3747.000000	0.800781
3748.000000	0.800781
3749.000000	0.761719
3750.000000	0.761719
3751.000000	0.742187
3752.000000	0.703125
3753.000000	0.683594
3754.000000	0.664062
3755.000000	0.644531
3756.000000	0.605469
3757.000000	0.585937
3758.000000	0.546875
3759.000000	0.527344
3760.000000	0.507812
3761.000000	0.488281
3762.000000	0.449219
3763.000000	0.449219
3764.000000	0.429687
3765.000000	0.449219
3766.000000	0.449219
3767.000000	0.468750
3768.000000	0.488281
3769.000000	0.507812
3770.000000	0.527344
3771.000000	0.546875
3772.000000	0.585937
3773.000000	0.605469
3774.000000	0.644531
3775.000000	0.664062
3776.000000	0.683594
3777.000000	0.703125
3778.000000	0.742187
3779.000000	0.761719
3780.000000	0.761719
3781.000000	0.761719
3782.000000	0.781250
3783.000000	0.781250
3784.000000	0.761719
3785.000000	0.742187
3786.000000	0.742187
3787.000000	0.722656
3788.000000	0.722656
3789.000000	0.683594
3790.000000	0.664062
3791.000000	0.644531
3792.000000	0.625000
3793.000000	0.585937
3794.000000	0.566406
3795.000000	0.527344
3796.000000	0.507812
3797.000000	0.488281
3798.000000	0.488281
3799.000000	0.488281
3800.000000	0.507812
3801.000000	0.507812
3802.000000	0.546875
3803.000000	0.566406
3804.000000	0.585937
3805.000000	0.644531
3806.000000	0.664062
3807.000000	0.703125
3808.000000	0.742187
3809.000000	0.781250
3810.000000	0.800781
3811.000000	0.859375
3812.000000	0.878906
3813.000000	0.898437
3814.000000	0.917969
3815.000000	0.917969
3816.000000	0.917969
3817.000000	0.898437
3818.000000	0.898437
3819.000000	0.859375
3820.000000	0.839844
3821.000000	0.820312
3822.000000	0.800781
3823.000000	0.781250
3824.000000	0.742187
3825.000000	0.722656
3826.000000	0.683594
3827.000000	0.664062
3828.000000	0.625000
3829.000000	0.605469
3830.000000	0.605469
3831.000000	0.605469
3832.000000	0.605469
3833.000000	0.625000
3834.000000	0.625000
3835.000000	0.644531
3836.000000	0.664062
3837.000000	0.683594
3838.000000	0.722656
3839.000000	0.761719
3840.000000	0.781250
3841.000000	0.820312
3842.000000	0.859375
3843.000000	0.878906
3844.000000	0.898437
3845.000000	0.898437
3846.000000	0.898437
3847.000000	0.898437
3848.000000	0.878906
3849.000000	0.859375
3850.000000	0.839844
3851.000000	0.820312
3852.000000	0.781250
3853.000000	0.742187
3854.000000	0.703125
3855.000000	0.683594
3856.000000	0.644531
3857.000000	0.605469
3858.000000	0.585937
3859.000000	0.546875
3860.000000	0.527344
3861.000000	0.527344
3862.000000	0.527344
3863.000000	0.527344
3864.000000	0.527344
3865.000000	0.527344
3866.000000	0.566406
3867.000000	0.585937
3868.000000	0.625000
3869.000000	0.644531
3870.000000	0.683594
3871.000000	0.703125
3872.000000	0.722656
3873.000000	0.761719
3874.000000	0.800781
3875.000000	0.839844
3876.000000	0.878906
3877.000000	0.898437
3878.000000	0.917969
3879.000000	0.937500
3880.000000	0.976562
3881.000000	0.996094
3882.000000	0.996094
3883.000000	1.015625
3884.000000	1.015625
3885.000000	1.035156
3886.000000	1.015625
3887.000000	1.015625
3888.000000	0.996094
3889.000000	0.976562
3890.000000	0.957031
3891.000000	0.917969
3892.000000	0.878906
3893.000000	0.839844
3894.000000	0.781250
3895.000000	0.722656
3896.000000	0.683594
3897.000000	0.625000
3898.000000	0.585937
3899.000000	0.546875
3900.000000	0.507812
3901.000000	0.468750
3902.000000	0.449219
3903.000000	0.429687
3904.000000	0.390625
3905.000000	0.351562
3906.000000	0.351562
3907.000000	0.332031
3908.000000	0.312500
3909.000000	0.312500
3910.000000	0.292969
3911.000000	0.292969
3912.000000	0.292969
3913.000000	0.273437
3914.000000	0.312500
3915.000000	0.332031
3916.000000	0.351562
3917.000000	0.371094
3918.000000	0.390625
3919.000000	0.410156
3920.000000	0.429687
3921.000000	0.449219
3922.000000	0.488281
3923.000000	0.527344
3924.000000	0.546875
3925.000000	0.566406
3926.000000	0.605469
3927.000000	0.625000
3928.000000	0.644531
3929.000000	0.644531
3930.000000	0.664062
3931.000000	0.683594
3932.000000	0.683594
3933.000000	0.722656
3934.000000	0.742187
3935.000000	0.742187
3936.000000	0.761719
3937.000000	0.761719
3938.000000	0.742187
3939.000000	0.742187
3940.000000	0.703125
3941.000000	0.703125
3942.000000	0.683594
3943.000000	0.664062
3944.000000	0.644531
3945.000000	0.605469
3946.000000	0.585937
3947.000000	0.566406
3948.000000	0.546875
3949.000000	0.507812
3950.000000	0.468750
3951.000000	0.449219
3952.000000	0.429687
3953.000000	0.410156
3954.000000	0.410156
3955.000000	0.390625
3956.000000	0.390625
3957.000000	0.410156
3958.000000	0.410156
3959.000000	0.410156
3960.000000	0.429687
3961.000000	0.449219
3962.000000	0.468750
3963.000000	0.488281
3964.000000	0.507812
3965.000000	0.546875
3966.000000	0.566406
3967.000000	0.605469
3968.000000	0.625000
3969.000000	0.664062
3970.000000	0.683594
3971.000000	0.722656
3972.000000	0.742187
3973.000000	0.761719
3974.000000	0.781250
3975.000000	0.800781
3976.000000	0.820312
3977.000000	0.839844
3978.000000	0.839844
3979.000000	0.839844
3980.000000	0.859375
3981.000000	0.839844
3982.000000	0.839844
3983.000000	0.820312
3984.000000	0.781250
3985.000000	0.781250
3986.000000	0.742187
3987.000000	0.722656
3988.000000	0.703125
3989.000000	0.664062
3990.000000	0.644531
3991.000000	0.605469
3992.000000	0.566406
3993.000000	0.527344
3994.000000	0.507812
3995.000000	0.488281
3996.000000	0.468750
3997.000000	0.468750
3998.000000	0.468750
3999.000000	0.488281
4000.000000	0.488281
4001.000000	0.507812
4002.000000	0.527344
4003.000000	0.546875
4004.000000	0.566406
4005.000000	0.605469
4006.000000	0.605469
4007.000000	0.644531
4008.000000	0.664062
4009.000000	0.703125
4010.000000	0.722656
4011.000000	0.761719
4012.000000	0.800781
4013.000000	0.859375
4014.000000	0.898437
4015.000000	0.937500
4016.000000	0.957031
4017.000000	0.976562
4018.000000	0.996094
4019.000000	0.996094
4020.000000	1.015625
4021.000000	1.015625
4022.000000	0.996094
4023.000000	0.976562
4024.000000	0.957031
4025.000000	0.937500
4026.000000	0.917969
4027.000000	0.878906
4028.000000	0.859375
4029.000000	0.839844
4030.000000	0.800781
4031.000000	0.761719
4032.000000	0.722656
4033.000000	0.703125
4034.000000	0.664062
4035.000000	0.644531
4036.000000	0.605469
4037.000000	0.566406
4038.000000	0.546875
4039.000000	0.507812
4040.000000	0.488281
4041.000000	0.468750
4042.000000	0.468750
4043.000000	0.449219
4044.000000	0.449219
4045.000000	0.449219
4046.000000	0.468750
4047.000000	0.468750
4048.000000	0.507812
4049.000000	0.546875
4050.000000	0.566406
4051.000000	0.585937
4052.000000	0.605469
4053.000000	0.644531
4054.000000	0.664062
4055.000000	0.683594
4056.000000	0.722656
4057.000000	0.722656
4058.000000	0.742187
4059.000000	0.761719
4060.000000	0.781250
4061.000000	0.781250
4062.000000	0.800781
4063.000000	0.781250
4064.000000	0.781250
4065.000000	0.742187
4066.000000	0.742187
4067.000000	0.722656
4068.000000	0.683594
4069.000000	0.664062
4070.000000	0.644531
4071.000000	0.625000
4072.000000	0.605469
4073.000000	0.566406
4074.000000	0.546875
4075.000000	0.488281
4076.000000	0.468750
4077.000000	0.429687
4078.000000	0.390625
4079.000000	0.371094
4080.000000	0.332031
4081.000000	0.312500
4082.000000	0.312500
4083.000000	0.312500
4084.000000	0.312500
4085.000000	0.332031
4086.000000	0.351562
4087.000000	0.371094
4088.000000	0.390625
4089.000000	0.410156
4090.000000	0.429687
4091.000000	0.468750
4092.000000	0.468750
4093.000000	0.546875
4094.000000	0.585937
4095.000000	0.644531
4096.000000	0.664062
4097.000000	0.683594
4098.000000	0.703125
4099.000000	0.703125
4100.000000	0.722656
4101.000000	0.742187
4102.000000	0.742187
4103.000000	0.742187
4104.000000	0.722656
4105.000000	0.703125
4106.000000	0.683594
4107.000000	0.664062
4108.000000	0.644531
4109.000000	0.625000
4110.000000	0.625000
4111.000000	0.585937
4112.000000	0.585937
4113.000000	0.566406
4114.000000	0.566406
4115.000000	0.546875
4116.000000	0.546875
4117.000000	0.527344
4118.000000	0.507812
4119.000000	0.507812
4120.000000	0.507812
4121.000000	0.507812
4122.000000	0.527344
4123.000000	0.546875
4124.000000	0.566406
4125.000000	0.585937
4126.000000	0.625000
4127.000000	0.664062
4128.000000	0.703125
4129.000000	0.742187
4130.000000	0.761719
4131.000000	0.800781
4132.000000	0.839844
4133.000000	0.859375
4134.000000	0.898437
4135.000000	0.937500
4136.000000	0.957031
4137.000000	0.957031
4138.000000	0.976562
4139.000000	0.996094
4140.000000	0.996094
4141.000000	0.996094
4142.000000	0.996094
4143.000000	0.957031
4144.000000	0.917969
4145.000000	0.878906
4146.000000	0.839844
4147.000000	0.800781
4148.000000	0.761719
4149.000000	0.722656
4150.000000	0.683594
4151.000000	0.664062
4152.000000	0.644531
4153.000000	0.625000
4154.000000	0.625000
4155.000000	0.605469
4156.000000	0.605469
4157.000000	0.585937
4158.000000	0.625000
4159.000000	0.625000
4160.000000	0.644531
4161.000000	0.664062
4162.000000	0.683594
4163.000000	0.703125
4164.000000	0.722656
4165.000000	0.742187
4166.000000	0.761719
4167.000000	0.781250
4168.000000	0.800781
4169.000000	0.820312
4170.000000	0.839844
4171.000000	0.859375
4172.000000	0.898437
4173.000000	0.917969
4174.000000	0.937500
4175.000000	0.976562
4176.000000	0.976562
4177.000000	0.996094
4178.000000	1.015625
4179.000000	1.015625
4180.000000	1.035156
4181.000000	1.015625
4182.000000	0.996094
4183.000000	0.996094
4184.000000	0.957031
4185.000000	0.957031
4186.000000	0.917969
4187.000000	0.878906
4188.000000	0.859375
4189.000000	0.820312
4190.000000	0.781250
4191.000000	0.742187
4192.000000	0.703125
4193.000000	0.683594
4194.000000	0.644531
4195.000000	0.625000
4196.000000	0.605469
4197.000000	0.585937
4198.000000	0.566406
4199.000000	0.566406
4200.000000	0.546875
4201.000000	0.546875
4202.000000	0.546875
4203.000000	0.546875
4204.000000	0.566406
4205.000000	0.585937
4206.000000	0.605469
4207.000000	0.625000
4208.000000	0.664062
4209.000000	0.683594
4210.000000	0.703125
4211.000000	0.722656
4212.000000	0.742187
4213.000000	0.761719
4214.000000	0.781250
4215.000000	0.800781
4216.000000	0.839844
4217.000000	0.859375
4218.000000	0.878906
4219.000000	0.898437
4220.000000	0.898437
4221.000000	0.898437
4222.000000	0.898437
4223.000000	0.898437
4224.000000	0.859375
4225.000000	0.859375
4226.000000	0.820312
4227.000000	0.781250
4228.000000	0.761719
4229.000000	0.703125
4230.000000	0.664062
4231.000000	0.625000
4232.000000	0.585937
4233.000000	0.566406
4234.000000	0.546875
4235.000000	0.527344
4236.000000	0.488281
4237.000000	0.468750
4238.000000	0.449219
4239.000000	0.429687
4240.000000	0.429687
4241.000000	0.449219
4242.000000	0.429687
4243.000000	0.449219
4244.000000	0.449219
4245.000000	0.468750
4246.000000	0.507812
4247.000000	0.527344
4248.000000	0.546875
4249.000000	0.585937
4250.000000	0.625000
4251.000000	0.664062
4252.000000	0.703125
4253.000000	0.742187
4254.000000	0.761719
4255.000000	0.781250
4256.000000	0.820312
4257.000000	0.820312
4258.000000	0.820312
4259.000000	0.820312
4260.000000	0.820312
4261.000000	0.800781
4262.000000	0.781250
4263.000000	0.761719
