64.000000	2.929687
65.000000	2.929687
66.000000	2.929687
67.000000	2.968750
68.000000	2.968750
69.000000	2.929687
70.000000	2.968750
71.000000	2.929687
72.000000	2.929687
73.000000	2.929687
74.000000	2.910156
75.000000	2.949219
76.000000	2.910156
77.000000	2.910156
78.000000	2.949219
79.000000	2.910156
80.000000	2.949219
81.000000	2.929687
82.000000	2.890625
83.000000	2.910156
84.000000	2.910156
85.000000	2.929687
86.000000	2.871094
87.000000	2.851562
88.000000	2.890625
89.000000	2.871094
90.000000	2.871094
91.000000	2.871094
92.000000	2.871094
93.000000	2.871094
94.000000	2.871094
95.000000	2.910156
96.000000	2.871094
97.000000	2.871094
98.000000	2.910156
99.000000	2.890625
100.000000	2.910156
101.000000	2.890625
102.000000	2.890625
103.000000	2.929687
104.000000	2.929687
105.000000	2.949219
106.000000	2.929687
107.000000	2.968750
108.000000	2.968750
109.000000	2.968750
110.000000	3.007812
111.000000	2.988281
112.000000	2.988281
113.000000	2.988281
114.000000	2.968750
115.000000	2.988281
116.000000	2.949219
117.000000	2.968750
118.000000	2.949219
119.000000	2.949219
120.000000	2.949219
121.000000	2.949219
122.000000	2.929687
123.000000	2.968750
124.000000	2.929687
125.000000	2.929687
126.000000	2.890625
127.000000	2.890625
128.000000	2.910156
129.000000	2.910156
130.000000	2.910156
131.000000	2.890625
132.000000	2.871094
133.000000	2.890625
134.000000	2.871094
135.000000	2.929687
136.000000	2.890625
137.000000	2.949219
138.000000	2.910156
139.000000	2.949219
140.000000	2.929687
141.000000	2.929687
142.000000	2.929687
143.000000	2.910156
144.000000	2.949219
145.000000	2.949219
146.000000	2.910156
147.000000	2.929687
148.000000	2.949219
149.000000	2.968750
150.000000	2.968750
151.000000	2.968750
152.000000	2.988281
153.000000	2.968750
154.000000	2.988281
155.000000	2.988281
156.000000	2.968750
157.000000	2.988281
158.000000	2.949219
159.000000	2.988281
160.000000	2.988281
161.000000	2.988281
162.000000	2.988281
163.000000	2.968750
164.000000	2.949219
165.000000	3.007812
166.000000	2.968750
167.000000	2.968750
168.000000	2.968750
169.000000	2.968750
170.000000	2.949219
171.000000	2.968750
172.000000	2.949219
173.000000	2.988281
174.000000	2.968750
175.000000	2.949219
176.000000	2.988281
177.000000	2.968750
178.000000	2.968750
179.000000	2.968750
180.000000	2.929687
181.000000	2.929687
182.000000	2.949219
183.000000	2.968750
184.000000	2.949219
185.000000	2.929687
186.000000	2.968750
187.000000	2.910156
188.000000	2.949219
189.000000	2.949219
190.000000	2.949219
191.000000	2.929687
192.000000	2.949219
193.000000	2.929687
194.000000	2.929687
195.000000	2.910156
196.000000	2.929687
197.000000	2.929687
198.000000	2.929687
199.000000	2.890625
200.000000	2.910156
201.000000	2.890625
202.000000	2.910156
203.000000	2.890625
204.000000	2.890625
205.000000	2.910156
206.000000	2.910156
207.000000	2.929687
208.000000	2.949219
209.000000	2.929687
210.000000	2.949219
211.000000	2.910156
212.000000	2.890625
213.000000	2.910156
214.000000	2.910156
215.000000	2.910156
216.000000	2.949219
217.000000	2.929687
218.000000	2.949219
219.000000	2.949219
220.000000	2.910156
221.000000	2.929687
222.000000	2.910156
223.000000	2.949219
224.000000	2.968750
225.000000	2.949219
226.000000	2.968750
227.000000	2.949219
228.000000	2.949219
229.000000	2.968750
230.000000	2.968750
231.000000	2.949219
232.000000	2.988281
233.000000	2.968750
234.000000	2.968750
235.000000	2.968750
236.000000	2.929687
237.000000	2.988281
238.000000	2.949219
239.000000	2.968750
240.000000	2.988281
241.000000	2.949219
242.000000	3.007812
243.000000	2.968750
244.000000	2.968750
245.000000	2.968750
246.000000	2.949219
247.000000	2.949219
248.000000	2.949219
249.000000	2.949219
250.000000	2.968750
251.000000	2.949219
252.000000	2.949219
253.000000	2.988281
254.000000	2.929687
255.000000	2.949219
256.000000	2.968750
257.000000	2.910156
258.000000	2.968750
259.000000	2.929687
260.000000	2.929687
261.000000	2.929687
262.000000	2.910156
263.000000	2.929687
264.000000	2.949219
265.000000	2.910156
266.000000	2.949219
267.000000	2.929687
268.000000	2.890625
269.000000	2.949219
270.000000	2.910156
271.000000	2.929687
272.000000	2.929687
273.000000	2.929687
274.000000	2.949219
275.000000	2.929687
276.000000	2.910156
277.000000	2.929687
278.000000	2.890625
279.000000	2.929687
280.000000	2.910156
281.000000	2.910156
282.000000	2.949219
283.000000	2.929687
284.000000	2.910156
285.000000	2.910156
286.000000	2.910156
287.000000	2.949219
288.000000	2.910156
289.000000	2.929687
290.000000	2.910156
291.000000	2.929687
292.000000	2.929687
293.000000	2.910156
294.000000	2.949219
295.000000	2.890625
296.000000	2.910156
297.000000	2.929687
298.000000	2.890625
299.000000	2.929687
300.000000	2.949219
301.000000	2.929687
302.000000	2.929687
303.000000	2.929687
304.000000	2.890625
305.000000	2.929687
306.000000	2.890625
307.000000	2.929687
308.000000	2.929687
309.000000	2.910156
310.000000	2.929687
311.000000	2.949219
312.000000	2.910156
313.000000	2.949219
314.000000	2.949219
315.000000	2.929687
0.000000	2.890625
1.000000	2.910156
1934.000000	2.968750
1935.000000	2.968750
1936.000000	2.988281
1937.000000	2.949219
1938.000000	3.007812
1939.000000	2.968750
1940.000000	2.968750
1941.000000	2.929687
1942.000000	2.929687
1943.000000	2.890625
1944.000000	2.968750
1945.000000	2.949219
1946.000000	2.949219
1947.000000	2.968750
1948.000000	2.949219
1949.000000	2.949219
1950.000000	2.949219
1951.000000	2.949219
1952.000000	2.968750
1953.000000	2.988281
1954.000000	2.988281
1955.000000	2.968750
1956.000000	2.949219
1957.000000	2.968750
1958.000000	3.007812
1959.000000	2.988281
1960.000000	2.988281
1961.000000	2.968750
1962.000000	2.949219
1963.000000	2.949219
1964.000000	2.968750
1965.000000	3.007812
1966.000000	2.968750
1967.000000	2.949219
1968.000000	2.949219
1969.000000	2.949219
1970.000000	2.968750
1971.000000	2.968750
1972.000000	2.929687
1973.000000	2.949219
1974.000000	2.949219
1975.000000	2.929687
1976.000000	2.988281
1977.000000	2.929687
1978.000000	2.949219
1979.000000	2.929687
1980.000000	2.929687
1981.000000	2.929687
1982.000000	2.929687
1983.000000	2.890625
1984.000000	2.929687
1985.000000	2.929687
1986.000000	2.929687
1987.000000	2.968750
1988.000000	2.929687
1989.000000	2.929687
1990.000000	2.968750
1991.000000	2.929687
1992.000000	2.949219
1993.000000	2.988281
1994.000000	2.968750
1995.000000	2.949219
1996.000000	2.968750
1997.000000	2.929687
1998.000000	2.968750
1999.000000	2.949219
2000.000000	2.929687
2001.000000	2.949219
2002.000000	2.929687
2003.000000	2.929687
2004.000000	2.949219
2005.000000	2.929687
2006.000000	2.910156
2007.000000	2.949219
2008.000000	2.890625
2009.000000	2.910156
2010.000000	2.929687
2011.000000	2.910156
2012.000000	2.949219
2013.000000	2.910156
2014.000000	2.910156
2015.000000	2.929687
2016.000000	2.929687
2017.000000	2.929687
2018.000000	2.929687
2019.000000	2.910156
2020.000000	2.910156
2021.000000	2.890625
2022.000000	2.890625
2023.000000	2.929687
2024.000000	2.910156
2025.000000	2.949219
2026.000000	2.929687
2027.000000	2.929687
2028.000000	2.929687
2029.000000	2.910156
2030.000000	2.910156
2031.000000	2.929687
2032.000000	2.929687
2033.000000	2.910156
2034.000000	2.929687
2035.000000	2.871094
2036.000000	2.871094
2037.000000	2.890625
2038.000000	2.910156
2039.000000	2.949219
2040.000000	2.910156
2041.000000	2.929687
2042.000000	2.910156
2043.000000	2.890625
2044.000000	2.910156
2045.000000	2.910156
2046.000000	2.871094
2047.000000	2.910156
2048.000000	2.910156
2049.000000	2.929687
2050.000000	2.910156
2051.000000	2.910156
2052.000000	2.929687
2053.000000	2.890625
2054.000000	2.890625
2055.000000	2.890625
2056.000000	2.871094
2057.000000	2.910156
2058.000000	2.910156
2059.000000	2.910156
2060.000000	2.910156
2061.000000	2.929687
2062.000000	2.929687
2063.000000	2.910156
2064.000000	2.910156
2065.000000	2.890625
2066.000000	2.890625
2067.000000	2.929687
2068.000000	2.890625
2069.000000	2.910156
2070.000000	2.910156
2071.000000	2.929687
2072.000000	2.890625
2073.000000	2.910156
2074.000000	2.910156
2075.000000	2.929687
2076.000000	2.910156
2077.000000	2.910156
2078.000000	2.949219
2079.000000	2.890625
2080.000000	2.949219
2081.000000	2.929687
2082.000000	2.929687
2083.000000	2.929687
2084.000000	2.890625
2085.000000	2.929687
2086.000000	2.929687
2087.000000	2.910156
2088.000000	2.968750
2089.000000	2.949219
2090.000000	2.910156
2091.000000	2.929687
2092.000000	2.910156
2093.000000	2.929687
2094.000000	2.929687
2095.000000	2.910156
2096.000000	2.929687
2097.000000	2.929687
2098.000000	2.949219
2099.000000	2.929687
2100.000000	2.949219
2101.000000	2.949219
2102.000000	2.949219
2103.000000	2.968750
2104.000000	2.929687
2105.000000	2.968750
2106.000000	2.949219
2107.000000	2.929687
2108.000000	2.949219
2109.000000	2.929687
2110.000000	2.949219
2111.000000	2.949219
2112.000000	2.949219
2113.000000	2.968750
2114.000000	2.968750
2115.000000	2.988281
2116.000000	2.968750
2117.000000	2.988281
2118.000000	2.968750
2119.000000	2.949219
2120.000000	2.968750
2121.000000	2.968750
2122.000000	2.988281
2123.000000	3.007812
2124.000000	2.968750
2125.000000	2.968750
2126.000000	2.949219
2127.000000	2.968750
2128.000000	2.968750
2129.000000	3.007812
2130.000000	2.968750
2131.000000	2.988281
2132.000000	2.968750
2133.000000	3.007812
2134.000000	3.027344
2135.000000	2.988281
2136.000000	3.027344
2137.000000	2.988281
2138.000000	2.988281
2139.000000	3.007812
2140.000000	2.968750
2141.000000	2.988281
2142.000000	2.988281
2143.000000	3.027344
2144.000000	3.007812
2145.000000	2.988281
2146.000000	2.988281
2147.000000	3.007812
2148.000000	3.007812
2149.000000	3.007812
2150.000000	3.007812
2151.000000	2.988281
2152.000000	3.027344
2153.000000	3.007812
2154.000000	3.027344
2155.000000	3.027344
2156.000000	2.968750
2157.000000	3.007812
2158.000000	3.007812
2159.000000	2.968750
2160.000000	2.988281
2161.000000	3.007812
2162.000000	3.007812
2163.000000	2.988281
2164.000000	2.988281
2165.000000	2.988281
2166.000000	2.988281
2167.000000	2.949219
2168.000000	3.007812
2169.000000	2.988281
2170.000000	2.988281
2171.000000	2.988281
2172.000000	2.949219
2173.000000	2.988281
2174.000000	2.968750
2175.000000	2.988281
2176.000000	2.988281
2177.000000	2.968750
2178.000000	2.949219
2179.000000	2.968750
2180.000000	2.968750
2181.000000	2.968750
2182.000000	2.968750
2183.000000	2.949219
2184.000000	2.968750
2185.000000	2.988281
2186.000000	2.949219
2187.000000	2.949219
2188.000000	2.949219
2189.000000	2.949219
2190.000000	2.968750
2191.000000	2.929687
2192.000000	2.949219
2193.000000	2.949219
2194.000000	2.949219
2195.000000	2.929687
2196.000000	2.929687
2197.000000	2.910156
2198.000000	2.949219
2199.000000	2.910156
2200.000000	2.929687
2201.000000	2.910156
2202.000000	2.910156
2203.000000	2.929687
2204.000000	2.910156
2205.000000	2.910156
2206.000000	2.949219
2207.000000	2.890625
2208.000000	2.929687
2209.000000	2.890625
2210.000000	2.890625
2211.000000	2.949219
2212.000000	2.890625
2213.000000	2.910156
2214.000000	2.910156
2215.000000	2.871094
2216.000000	2.929687
2217.000000	2.890625
2218.000000	2.910156
2219.000000	2.929687
2220.000000	2.929687
2221.000000	2.929687
2222.000000	2.929687
2223.000000	2.910156
2224.000000	2.949219
2225.000000	2.910156
2226.000000	2.949219
2227.000000	2.929687
2228.000000	2.929687
2229.000000	2.929687
2230.000000	2.949219
2231.000000	2.949219
2232.000000	2.910156
2233.000000	2.910156
2234.000000	2.929687
2235.000000	2.949219
2236.000000	2.929687
2237.000000	2.949219
2238.000000	2.929687
2239.000000	2.929687
2240.000000	2.968750
2241.000000	2.949219
2242.000000	2.929687
2243.000000	2.929687
2244.000000	2.949219
2245.000000	2.949219
2246.000000	2.910156
2247.000000	2.949219
2248.000000	2.949219
2249.000000	2.910156
2250.000000	2.949219
2251.000000	2.910156
2252.000000	2.910156
2253.000000	2.929687
2254.000000	2.890625
2255.000000	2.929687
2256.000000	2.890625
2257.000000	2.910156
2258.000000	2.929687
2259.000000	2.890625
2260.000000	2.929687
2261.000000	2.910156
2262.000000	2.910156
2263.000000	2.910156
2264.000000	2.851562
2265.000000	2.910156
2266.000000	2.890625
2267.000000	2.871094
2268.000000	2.890625
2269.000000	2.871094
2270.000000	2.871094
2271.000000	2.910156
2272.000000	2.851562
2273.000000	2.871094
2274.000000	2.890625
2275.000000	2.871094
2276.000000	2.890625
2277.000000	2.851562
2278.000000	2.890625
2279.000000	2.890625
2280.000000	2.890625
2281.000000	2.910156
2282.000000	2.871094
2283.000000	2.890625
2284.000000	2.890625
2285.000000	2.890625
2286.000000	2.910156
2287.000000	2.851562
2288.000000	2.890625
2289.000000	2.890625
2290.000000	2.890625
2291.000000	2.910156
2292.000000	2.910156
2293.000000	2.890625
2294.000000	2.910156
2295.000000	2.890625
2296.000000	2.910156
2297.000000	2.929687
2298.000000	2.890625
2299.000000	2.949219
2300.000000	2.910156
2301.000000	2.910156
2302.000000	2.968750
2303.000000	2.910156
2304.000000	2.949219
2305.000000	2.929687
2306.000000	2.929687
2307.000000	2.949219
2308.000000	2.929687
2309.000000	2.949219
2310.000000	3.144531
2311.000000	3.027344
2312.000000	3.007812
2313.000000	2.968750
2314.000000	2.910156
2315.000000	2.949219
2316.000000	2.949219
2317.000000	2.949219
2318.000000	2.988281
2319.000000	2.929687
2320.000000	2.949219
2321.000000	2.968750
2322.000000	2.929687
2323.000000	3.007812
2324.000000	2.968750
2325.000000	2.968750
2326.000000	2.949219
2327.000000	2.929687
2328.000000	2.968750
2329.000000	2.949219
2330.000000	2.949219
2331.000000	2.968750
2332.000000	2.929687
2333.000000	2.929687
2334.000000	2.929687
2335.000000	2.910156
2336.000000	2.910156
2337.000000	2.890625
2338.000000	2.929687
2339.000000	2.929687
2340.000000	2.910156
2341.000000	2.949219
2342.000000	2.910156
2343.000000	2.949219
2344.000000	2.910156
2345.000000	2.910156
2346.000000	2.929687
2347.000000	2.910156
2348.000000	2.988281
2349.000000	2.929687
2350.000000	2.949219
2351.000000	2.929687
2352.000000	2.968750
2353.000000	2.968750
2354.000000	2.949219
2355.000000	2.949219
2356.000000	2.949219
2357.000000	2.812500
2358.000000	3.066406
2359.000000	3.027344
2360.000000	3.007812
2361.000000	3.007812
2362.000000	2.968750
2363.000000	3.007812
2364.000000	3.007812
2365.000000	3.007812
2366.000000	2.988281
2367.000000	2.968750
2368.000000	3.007812
2369.000000	2.988281
2370.000000	2.968750
2371.000000	2.988281
2372.000000	2.968750
2373.000000	2.988281
2374.000000	2.988281
2375.000000	2.988281
2376.000000	2.968750
2377.000000	2.968750
2378.000000	2.968750
2379.000000	2.949219
2380.000000	2.968750
2381.000000	2.968750
2382.000000	2.988281
2383.000000	2.988281
2384.000000	2.968750
2385.000000	2.968750
2386.000000	2.949219
2387.000000	2.968750
2388.000000	2.949219
2389.000000	2.968750
2390.000000	2.988281
2391.000000	2.949219
2392.000000	2.968750
2393.000000	2.949219
2394.000000	2.968750
2395.000000	2.929687
2396.000000	2.968750
2397.000000	2.968750
2398.000000	2.949219
2399.000000	2.949219
2400.000000	2.929687
2401.000000	2.968750
2402.000000	2.949219
2403.000000	2.949219
2404.000000	2.949219
2405.000000	2.949219
2406.000000	2.949219
2407.000000	2.949219
2408.000000	2.949219
2409.000000	2.949219
2410.000000	2.968750
2411.000000	2.929687
2412.000000	2.968750
2413.000000	2.910156
2414.000000	2.929687
2415.000000	2.949219
2416.000000	2.949219
2417.000000	2.949219
2418.000000	2.968750
2419.000000	2.949219
2420.000000	2.949219
2421.000000	2.968750
2422.000000	2.968750
2423.000000	2.968750
2424.000000	2.949219
2425.000000	2.988281
2426.000000	2.949219
2427.000000	2.949219
2428.000000	2.988281
2429.000000	2.929687
2430.000000	2.988281
2431.000000	2.968750
2432.000000	2.949219
2433.000000	2.968750
2434.000000	2.929687
2435.000000	2.968750
2436.000000	2.949219
2437.000000	2.949219
2438.000000	2.968750
2439.000000	2.929687
2440.000000	2.949219
2441.000000	2.949219
2442.000000	2.929687
2443.000000	2.929687
2444.000000	2.949219
2445.000000	2.949219
2446.000000	2.949219
2447.000000	2.910156
2448.000000	2.910156
2449.000000	2.949219
2450.000000	2.890625
2451.000000	2.910156
2452.000000	2.910156
2453.000000	2.890625
2454.000000	2.910156
2455.000000	2.910156
2456.000000	2.910156
2457.000000	2.929687
2458.000000	2.910156
2459.000000	2.890625
2460.000000	2.929687
2461.000000	2.890625
2462.000000	2.890625
2463.000000	2.929687
2464.000000	2.910156
2465.000000	2.949219
2466.000000	2.910156
2467.000000	2.949219
2468.000000	2.910156
2469.000000	2.929687
2470.000000	2.929687
2471.000000	2.949219
2472.000000	2.910156
2473.000000	2.968750
2474.000000	2.929687
2475.000000	2.949219
2476.000000	2.949219
2477.000000	2.929687
2478.000000	2.968750
2479.000000	2.968750
2480.000000	2.929687
2481.000000	2.988281
2482.000000	2.910156
2483.000000	2.949219
2484.000000	2.929687
2485.000000	2.929687
2486.000000	2.968750
2487.000000	2.910156
2488.000000	2.949219
2489.000000	2.949219
2490.000000	2.910156
2491.000000	2.949219
2492.000000	2.890625
2493.000000	2.929687
2494.000000	2.949219
2495.000000	2.910156
2496.000000	2.949219
2497.000000	2.890625
2498.000000	2.910156
2499.000000	2.929687
2500.000000	2.929687
2501.000000	2.929687
2502.000000	2.910156
2503.000000	2.890625
2504.000000	2.929687
2505.000000	2.890625
2506.000000	2.910156
2507.000000	2.949219
2508.000000	2.929687
2509.000000	2.949219
2510.000000	2.949219
2511.000000	2.929687
2512.000000	2.949219
2513.000000	2.949219
2514.000000	2.929687
2515.000000	2.949219
2516.000000	2.949219
2517.000000	2.968750
2518.000000	2.949219
2519.000000	2.949219
2520.000000	2.968750
2521.000000	2.949219
2522.000000	2.988281
2523.000000	2.968750
2524.000000	2.929687
2525.000000	2.949219
2526.000000	2.929687
2527.000000	2.949219
2528.000000	2.949219
2529.000000	2.968750
2530.000000	2.949219
2531.000000	2.949219
2532.000000	2.988281
2533.000000	2.929687
2534.000000	2.968750
2535.000000	2.949219
2536.000000	2.929687
2537.000000	2.949219
2538.000000	2.949219
2539.000000	2.929687
2540.000000	2.949219
2541.000000	2.929687
2542.000000	2.929687
2543.000000	2.929687
2544.000000	2.910156
2545.000000	2.949219
2546.000000	2.929687
2547.000000	2.949219
2548.000000	2.949219
2549.000000	2.929687
2550.000000	2.949219
2551.000000	2.910156
2552.000000	2.968750
2553.000000	2.929687
2554.000000	2.949219
2555.000000	2.949219
2556.000000	2.929687
2557.000000	2.968750
2558.000000	2.968750
2559.000000	2.949219
2560.000000	2.968750
2561.000000	2.929687
2562.000000	2.949219
2563.000000	2.949219
2564.000000	2.968750
2565.000000	2.988281
2566.000000	2.929687
2567.000000	2.968750
2568.000000	2.949219
2569.000000	2.968750
2570.000000	2.949219
2571.000000	2.968750
2572.000000	2.988281
2573.000000	2.949219
2574.000000	2.949219
2575.000000	2.929687
2576.000000	2.949219
2577.000000	2.949219
2578.000000	2.949219
2579.000000	2.949219
2580.000000	2.949219
2581.000000	2.929687
2582.000000	2.929687
2583.000000	2.890625
2584.000000	2.949219
2585.000000	2.929687
2586.000000	2.929687
2587.000000	2.929687
2588.000000	2.910156
2589.000000	2.949219
2590.000000	2.910156
2591.000000	2.949219
2592.000000	2.949219
2593.000000	2.929687
2594.000000	2.949219
2595.000000	2.910156
2596.000000	2.929687
2597.000000	2.929687
2598.000000	2.929687
2599.000000	2.949219
2600.000000	2.929687
2601.000000	2.949219
2602.000000	2.929687
2603.000000	2.968750
2604.000000	2.949219
2605.000000	2.988281
2606.000000	2.988281
2607.000000	2.910156
2608.000000	2.988281
2609.000000	2.929687
2610.000000	2.968750
2611.000000	2.968750
2612.000000	2.968750
2613.000000	2.988281
2614.000000	2.949219
2615.000000	2.988281
2616.000000	2.949219
2617.000000	2.949219
2618.000000	2.929687
2619.000000	2.910156
2620.000000	2.968750
2621.000000	2.968750
2622.000000	2.929687
2623.000000	2.968750
2624.000000	2.910156
2625.000000	2.929687
2626.000000	2.949219
2627.000000	2.929687
2628.000000	2.968750
2629.000000	2.929687
2630.000000	2.929687
2631.000000	2.949219
2632.000000	2.890625
2633.000000	2.949219
2634.000000	2.890625
2635.000000	2.949219
2636.000000	2.929687
2637.000000	2.890625
2638.000000	2.949219
2639.000000	2.929687
2640.000000	2.890625
2641.000000	2.949219
2642.000000	2.910156
2643.000000	2.968750
2644.000000	2.929687
2645.000000	2.929687
2646.000000	2.949219
2647.000000	2.949219
2648.000000	2.929687
2649.000000	2.968750
2650.000000	2.929687
2651.000000	2.949219
2652.000000	2.949219
2653.000000	2.949219
2654.000000	2.968750
2655.000000	2.949219
2656.000000	2.949219
2657.000000	2.988281
2658.000000	2.929687
2659.000000	2.949219
2660.000000	2.949219
2661.000000	2.968750
2662.000000	3.007812
2663.000000	2.949219
2664.000000	2.988281
2665.000000	2.949219
2666.000000	2.968750
2667.000000	2.968750
2668.000000	2.949219
2669.000000	2.929687
2670.000000	2.949219
2671.000000	2.929687
2672.000000	2.929687
2673.000000	2.949219
2674.000000	2.910156
2675.000000	2.968750
2676.000000	2.929687
2677.000000	2.949219
2678.000000	2.949219
2679.000000	2.890625
2680.000000	2.968750
2681.000000	2.929687
2682.000000	2.949219
2683.000000	2.949219
2684.000000	2.910156
2685.000000	2.929687
2686.000000	2.910156
2687.000000	2.929687
2688.000000	2.949219
2689.000000	2.929687
2690.000000	2.949219
2691.000000	2.968750
2692.000000	2.929687
2693.000000	2.910156
2694.000000	2.949219
2695.000000	2.968750
2696.000000	2.968750
2697.000000	2.968750
2698.000000	2.968750
2699.000000	2.968750
2700.000000	2.949219
2701.000000	2.949219
2702.000000	2.968750
2703.000000	2.929687
2704.000000	3.007812
2705.000000	2.968750
2706.000000	2.949219
2707.000000	2.968750
2708.000000	2.949219
2709.000000	2.968750
2710.000000	2.968750
2711.000000	2.968750
2712.000000	2.949219
2713.000000	2.949219
2714.000000	2.949219
2715.000000	2.929687
2716.000000	2.949219
2717.000000	2.929687
2718.000000	2.890625
2719.000000	2.929687
2720.000000	2.929687
2721.000000	2.929687
2722.000000	2.949219
2723.000000	2.910156
2724.000000	2.949219
2725.000000	2.929687
2726.000000	2.910156
2727.000000	2.949219
2728.000000	2.929687
2729.000000	2.929687
2730.000000	2.929687
2731.000000	2.910156
2732.000000	2.968750
2733.000000	2.929687
2734.000000	2.968750
2735.000000	2.968750
2736.000000	2.929687
2737.000000	2.929687
2738.000000	2.929687
2739.000000	2.949219
2740.000000	2.968750
2741.000000	2.949219
2742.000000	2.949219
2743.000000	2.949219
2744.000000	2.929687
2745.000000	2.968750
2746.000000	2.968750
2747.000000	2.910156
2748.000000	2.968750
2749.000000	2.949219
2750.000000	2.949219
2751.000000	2.968750
2752.000000	2.929687
2753.000000	2.949219
2754.000000	2.929687
2755.000000	2.910156
2756.000000	2.929687
2757.000000	2.890625
2758.000000	2.910156
2759.000000	2.910156
2760.000000	2.929687
2761.000000	2.910156
2762.000000	2.910156
2763.000000	2.890625
2764.000000	2.929687
2765.000000	2.871094
2766.000000	2.929687
2767.000000	2.910156
2768.000000	2.910156
2769.000000	2.910156
2770.000000	2.910156
2771.000000	2.910156
2772.000000	2.910156
2773.000000	2.910156
2774.000000	2.929687
2775.000000	2.910156
2776.000000	2.929687
2777.000000	2.910156
2778.000000	2.910156
2779.000000	2.949219
2780.000000	2.929687
2781.000000	2.929687
2782.000000	2.929687
2783.000000	2.929687
2784.000000	2.949219
2785.000000	2.929687
2786.000000	2.929687
2787.000000	2.949219
2788.000000	2.929687
2789.000000	2.910156
2790.000000	2.929687
2791.000000	2.890625
2792.000000	2.910156
2793.000000	2.910156
2794.000000	2.890625
2795.000000	2.890625
2796.000000	2.910156
2797.000000	2.910156
2798.000000	2.910156
2799.000000	2.890625
2800.000000	2.910156
2801.000000	2.871094
2802.000000	2.910156
2803.000000	2.910156
2804.000000	2.890625
2805.000000	2.890625
2806.000000	2.871094
2807.000000	2.910156
2808.000000	2.890625
2809.000000	2.871094
2810.000000	2.929687
2811.000000	2.929687
2812.000000	2.890625
2813.000000	2.929687
2814.000000	2.910156
2815.000000	2.910156
2816.000000	2.929687
2817.000000	2.949219
2818.000000	2.929687
2819.000000	2.910156
2820.000000	2.968750
2821.000000	2.929687
2822.000000	2.949219
2823.000000	2.929687
2824.000000	2.929687
2825.000000	2.949219
2826.000000	2.968750
2827.000000	2.949219
2828.000000	2.968750
2829.000000	2.910156
2830.000000	2.949219
2831.000000	2.949219
2832.000000	2.929687
2833.000000	2.949219
2834.000000	2.929687
2835.000000	2.949219
2836.000000	2.968750
2837.000000	2.929687
2838.000000	2.929687
2839.000000	2.910156
2840.000000	2.949219
2841.000000	2.929687
2842.000000	2.929687
2843.000000	2.890625
2844.000000	2.929687
2845.000000	2.929687
2846.000000	2.929687
2847.000000	2.949219
2848.000000	2.968750
2849.000000	2.949219
2850.000000	2.968750
2851.000000	2.949219
2852.000000	2.929687
2853.000000	2.968750
2854.000000	2.968750
2855.000000	2.988281
2856.000000	2.968750
2857.000000	3.007812
2858.000000	2.988281
2859.000000	2.968750
2860.000000	2.988281
2861.000000	2.949219
2862.000000	3.007812
2863.000000	2.988281
2864.000000	2.968750
2865.000000	2.968750
2866.000000	2.968750
2867.000000	2.968750
2868.000000	2.949219
2869.000000	2.949219
2870.000000	2.949219
2871.000000	2.910156
2872.000000	2.988281
2873.000000	2.949219
2874.000000	2.968750
2875.000000	2.949219
2876.000000	2.968750
2877.000000	2.968750
2878.000000	2.929687
2879.000000	2.949219
2880.000000	2.949219
2881.000000	2.949219
2882.000000	2.968750
2883.000000	2.949219
2884.000000	2.988281
2885.000000	2.968750
2886.000000	2.968750
2887.000000	2.949219
2888.000000	2.988281
2889.000000	2.988281
2890.000000	2.968750
2891.000000	2.968750
2892.000000	3.007812
2893.000000	2.988281
2894.000000	2.968750
2895.000000	3.007812
2896.000000	2.968750
2897.000000	3.007812
2898.000000	2.988281
2899.000000	2.968750
2900.000000	2.968750
2901.000000	2.929687
2902.000000	2.949219
2903.000000	2.949219
2904.000000	2.929687
2905.000000	2.949219
2906.000000	2.949219
2907.000000	2.968750
2908.000000	2.949219
2909.000000	2.949219
2910.000000	2.929687
2911.000000	2.929687
2912.000000	2.910156
2913.000000	2.949219
2914.000000	2.910156
2915.000000	2.929687
2916.000000	2.929687
2917.000000	2.929687
2918.000000	2.949219
2919.000000	2.929687
2920.000000	2.949219
2921.000000	2.929687
2922.000000	2.910156
2923.000000	2.929687
2924.000000	2.949219
2925.000000	2.910156
2926.000000	2.910156
2927.000000	2.949219
2928.000000	2.929687
2929.000000	2.949219
2930.000000	2.929687
2931.000000	2.949219
2932.000000	2.949219
2933.000000	2.949219
2934.000000	2.949219
2935.000000	2.949219
2936.000000	2.929687
2937.000000	2.968750
2938.000000	2.949219
2939.000000	2.910156
2940.000000	2.949219
2941.000000	2.910156
2942.000000	2.988281
2943.000000	2.929687
2944.000000	2.949219
2945.000000	2.949219
2946.000000	2.910156
2947.000000	2.968750
2948.000000	2.910156
2949.000000	2.929687
2950.000000	2.910156
2951.000000	2.890625
2952.000000	2.910156
2953.000000	2.910156
2954.000000	2.871094
2955.000000	2.910156
2956.000000	2.890625
2957.000000	2.890625
2958.000000	2.910156
2959.000000	2.910156
2960.000000	2.910156
2961.000000	2.890625
2962.000000	2.851562
2963.000000	2.910156
2964.000000	2.871094
2965.000000	2.890625
2966.000000	2.910156
2967.000000	2.851562
2968.000000	2.890625
2969.000000	2.871094
2970.000000	2.890625
2971.000000	2.910156
2972.000000	2.871094
2973.000000	2.890625
2974.000000	2.910156
2975.000000	2.871094
2976.000000	2.910156
2977.000000	2.929687
2978.000000	2.910156
2979.000000	2.910156
2980.000000	2.910156
2981.000000	2.929687
2982.000000	2.929687
2983.000000	2.929687
2984.000000	2.929687
2985.000000	2.929687
2986.000000	2.890625
2987.000000	2.949219
2988.000000	2.910156
2989.000000	2.968750
2990.000000	2.929687
2991.000000	2.910156
2992.000000	2.949219
2993.000000	2.910156
2994.000000	2.968750
2995.000000	2.949219
2996.000000	2.910156
2997.000000	2.929687
2998.000000	2.929687
2999.000000	2.929687
3000.000000	2.910156
3001.000000	2.929687
3002.000000	2.929687
3003.000000	2.910156
3004.000000	2.949219
3005.000000	2.949219
3006.000000	2.910156
3007.000000	2.929687
3008.000000	2.890625
3009.000000	2.949219
3010.000000	2.871094
3011.000000	2.929687
3012.000000	2.949219
3013.000000	2.929687
3014.000000	2.949219
3015.000000	2.929687
3016.000000	2.929687
3017.000000	2.968750
3018.000000	2.929687
3019.000000	2.949219
3020.000000	2.968750
3021.000000	2.929687
3022.000000	2.988281
3023.000000	2.949219
3024.000000	2.968750
3025.000000	2.968750
3026.000000	2.949219
3027.000000	3.007812
3028.000000	2.929687
3029.000000	3.007812
3030.000000	2.968750
3031.000000	2.968750
3032.000000	2.988281
3033.000000	2.949219
3034.000000	2.988281
3035.000000	2.988281
3036.000000	2.968750
3037.000000	2.968750
3038.000000	2.988281
3039.000000	2.968750
3040.000000	3.007812
3041.000000	2.968750
3042.000000	2.988281
3043.000000	2.988281
3044.000000	2.949219
3045.000000	2.988281
3046.000000	2.968750
3047.000000	2.968750
3048.000000	2.988281
3049.000000	2.949219
3050.000000	3.007812
3051.000000	2.949219
3052.000000	2.968750
3053.000000	3.027344
3054.000000	2.968750
3055.000000	3.007812
3056.000000	2.988281
3057.000000	2.968750
3058.000000	2.988281
3059.000000	3.007812
3060.000000	2.988281
3061.000000	3.027344
3062.000000	2.988281
3063.000000	2.988281
3064.000000	3.027344
3065.000000	2.968750
3066.000000	3.027344
3067.000000	2.988281
3068.000000	2.988281
3069.000000	2.988281
3070.000000	2.988281
3071.000000	2.988281
3072.000000	2.968750
3073.000000	3.007812
3074.000000	2.988281
3075.000000	2.988281
3076.000000	3.007812
3077.000000	2.968750
3078.000000	2.968750
3079.000000	2.968750
3080.000000	2.968750
3081.000000	2.949219
3082.000000	2.968750
3083.000000	2.968750
3084.000000	2.949219
3085.000000	2.949219
3086.000000	2.968750
3087.000000	2.949219
3088.000000	2.929687
3089.000000	2.968750
3090.000000	2.949219
3091.000000	2.929687
3092.000000	2.968750
3093.000000	2.949219
3094.000000	2.968750
3095.000000	2.968750
3096.000000	2.949219
3097.000000	2.949219
3098.000000	2.949219
3099.000000	2.949219
3100.000000	2.968750
3101.000000	2.949219
3102.000000	2.929687
3103.000000	2.910156
3104.000000	2.949219
3105.000000	2.929687
3106.000000	2.949219
3107.000000	2.949219
3108.000000	2.929687
3109.000000	2.929687
3110.000000	2.968750
3111.000000	2.910156
3112.000000	2.929687
3113.000000	2.890625
3114.000000	2.910156
3115.000000	2.949219
3116.000000	2.890625
3117.000000	2.910156
3118.000000	2.890625
3119.000000	2.910156
3120.000000	2.910156
3121.000000	2.890625
3122.000000	2.910156
3123.000000	2.910156
3124.000000	2.851562
3125.000000	2.890625
3126.000000	2.910156
3127.000000	2.890625
3128.000000	2.890625
3129.000000	2.871094
3130.000000	2.851562
3131.000000	2.890625
3132.000000	2.851562
3133.000000	2.871094
3134.000000	2.871094
3135.000000	2.890625
3136.000000	2.871094
3137.000000	2.871094
3138.000000	2.871094
3139.000000	2.851562
3140.000000	2.890625
3141.000000	2.871094
3142.000000	2.871094
3143.000000	2.851562
3144.000000	2.871094
3145.000000	2.871094
3146.000000	2.832031
3147.000000	2.871094
3148.000000	2.871094
3149.000000	2.890625
3150.000000	2.890625
3151.000000	2.890625
3152.000000	2.910156
3153.000000	2.890625
3154.000000	2.871094
3155.000000	2.871094
3156.000000	2.871094
3157.000000	2.851562
3158.000000	2.890625
3159.000000	2.871094
3160.000000	2.910156
3161.000000	2.871094
3162.000000	2.910156
3163.000000	2.890625
3164.000000	2.871094
3165.000000	2.910156
3166.000000	2.890625
3167.000000	2.890625
3168.000000	2.890625
3169.000000	2.890625
3170.000000	2.871094
3171.000000	2.890625
3172.000000	2.871094
3173.000000	2.890625
3174.000000	2.890625
3175.000000	2.871094
3176.000000	2.890625
3177.000000	2.871094
3178.000000	2.890625
3179.000000	2.871094
3180.000000	2.890625
3181.000000	2.851562
3182.000000	2.871094
3183.000000	2.851562
3184.000000	2.871094
3185.000000	2.871094
3186.000000	2.851562
3187.000000	2.851562
3188.000000	2.851562
3189.000000	2.871094
3190.000000	2.851562
3191.000000	2.871094
3192.000000	2.851562
3193.000000	2.890625
3194.000000	2.910156
3195.000000	2.871094
3196.000000	2.890625
3197.000000	2.890625
3198.000000	2.871094
3199.000000	2.929687
3200.000000	2.910156
3201.000000	2.910156
3202.000000	2.929687
3203.000000	2.910156
3204.000000	2.871094
3205.000000	2.949219
3206.000000	2.910156
3207.000000	2.949219
3208.000000	2.929687
3209.000000	2.929687
3210.000000	2.968750
3211.000000	2.929687
3212.000000	2.929687
3213.000000	2.929687
3214.000000	2.910156
3215.000000	2.949219
3216.000000	2.929687
3217.000000	2.910156
3218.000000	2.949219
3219.000000	2.929687
3220.000000	2.929687
3221.000000	2.929687
3222.000000	2.949219
3223.000000	2.910156
3224.000000	2.949219
3225.000000	2.910156
3226.000000	2.929687
3227.000000	2.910156
3228.000000	2.929687
3229.000000	2.949219
3230.000000	2.949219
3231.000000	2.949219
3232.000000	2.988281
3233.000000	2.929687
3234.000000	2.968750
3235.000000	2.949219
3236.000000	2.968750
3237.000000	2.968750
3238.000000	2.949219
3239.000000	2.988281
3240.000000	2.988281
3241.000000	2.968750
3242.000000	2.988281
3243.000000	2.988281
3244.000000	2.988281
3245.000000	3.007812
3246.000000	2.988281
3247.000000	2.988281
3248.000000	2.988281
3249.000000	3.007812
3250.000000	2.968750
3251.000000	2.988281
3252.000000	3.027344
3253.000000	2.988281
3254.000000	2.988281
3255.000000	2.988281
3256.000000	3.007812
3257.000000	2.988281
3258.000000	2.968750
3259.000000	2.949219
3260.000000	2.988281
3261.000000	2.968750
3262.000000	2.968750
3263.000000	2.988281
3264.000000	2.949219
3265.000000	2.988281
3266.000000	2.949219
3267.000000	2.968750
3268.000000	2.968750
3269.000000	2.929687
3270.000000	2.988281
3271.000000	2.968750
3272.000000	2.968750
3273.000000	2.968750
3274.000000	2.968750
3275.000000	2.988281
3276.000000	2.988281
3277.000000	2.988281
3278.000000	2.988281
3279.000000	2.988281
3280.000000	3.007812
3281.000000	2.988281
3282.000000	3.007812
3283.000000	3.007812
3284.000000	2.968750
3285.000000	3.007812
3286.000000	2.968750
3287.000000	2.988281
3288.000000	2.988281
3289.000000	2.968750
3290.000000	2.988281
3291.000000	2.968750
3292.000000	2.988281
3293.000000	2.949219
3294.000000	2.949219
3295.000000	2.968750
3296.000000	2.949219
3297.000000	2.968750
3298.000000	2.949219
3299.000000	2.929687
3300.000000	2.949219
3301.000000	2.929687
3302.000000	2.929687
3303.000000	2.968750
3304.000000	2.910156
3305.000000	2.968750
3306.000000	2.929687
3307.000000	2.929687
3308.000000	2.949219
3309.000000	2.910156
3310.000000	2.949219
3311.000000	2.929687
3312.000000	2.929687
3313.000000	2.949219
3314.000000	2.929687
3315.000000	2.949219
3316.000000	2.929687
3317.000000	2.949219
3318.000000	2.968750
3319.000000	2.949219
3320.000000	2.929687
3321.000000	2.929687
3322.000000	2.949219
3323.000000	2.949219
3324.000000	2.910156
3325.000000	2.949219
3326.000000	2.949219
3327.000000	2.949219
3328.000000	2.949219
3329.000000	2.929687
3330.000000	2.968750
3331.000000	2.910156
3332.000000	2.949219
3333.000000	2.929687
3334.000000	2.910156
3335.000000	2.910156
3336.000000	2.890625
3337.000000	2.929687
3338.000000	2.910156
3339.000000	2.890625
3340.000000	2.910156
3341.000000	2.910156
3342.000000	2.871094
3343.000000	2.910156
3344.000000	2.890625
3345.000000	2.871094
3346.000000	2.871094
3347.000000	2.871094
3348.000000	2.871094
3349.000000	2.890625
3350.000000	2.890625
3351.000000	2.910156
3352.000000	2.871094
3353.000000	2.871094
3354.000000	2.910156
3355.000000	2.890625
3356.000000	2.890625
3357.000000	2.890625
3358.000000	2.910156
3359.000000	2.910156
3360.000000	2.910156
3361.000000	2.910156
3362.000000	2.910156
3363.000000	2.910156
3364.000000	2.890625
3365.000000	2.910156
3366.000000	2.910156
3367.000000	2.929687
3368.000000	2.949219
3369.000000	2.910156
3370.000000	2.968750
3371.000000	2.910156
3372.000000	2.968750
3373.000000	2.949219
3374.000000	2.929687
3375.000000	2.929687
3376.000000	2.929687
3377.000000	2.949219
3378.000000	2.929687
3379.000000	2.910156
3380.000000	2.910156
3381.000000	2.910156
3382.000000	2.949219
3383.000000	2.929687
3384.000000	2.910156
3385.000000	2.929687
3386.000000	2.890625
3387.000000	2.890625
3388.000000	2.949219
3389.000000	2.910156
3390.000000	2.910156
3391.000000	2.890625
3392.000000	2.929687
3393.000000	2.910156
3394.000000	2.910156
3395.000000	2.949219
3396.000000	2.910156
3397.000000	2.910156
3398.000000	2.929687
3399.000000	2.929687
3400.000000	2.949219
3401.000000	2.949219
3402.000000	2.929687
3403.000000	2.968750
3404.000000	2.949219
3405.000000	2.929687
3406.000000	2.968750
3407.000000	2.968750
3408.000000	2.988281
3409.000000	2.949219
3410.000000	3.007812
3411.000000	2.988281
3412.000000	2.988281
3413.000000	2.988281
3414.000000	2.968750
3415.000000	2.988281
3416.000000	2.968750
3417.000000	2.968750
3418.000000	2.968750
3419.000000	2.968750
3420.000000	2.949219
3421.000000	2.968750
3422.000000	2.968750
3423.000000	2.988281
3424.000000	2.949219
3425.000000	2.968750
3426.000000	2.929687
3427.000000	2.929687
3428.000000	2.968750
3429.000000	2.949219
3430.000000	2.949219
3431.000000	2.949219
3432.000000	2.929687
3433.000000	2.949219
3434.000000	2.968750
3435.000000	2.949219
3436.000000	2.949219
3437.000000	2.910156
3438.000000	2.949219
3439.000000	2.910156
3440.000000	2.910156
3441.000000	2.949219
3442.000000	2.910156
3443.000000	2.949219
3444.000000	2.949219
3445.000000	2.929687
3446.000000	2.988281
3447.000000	2.949219
3448.000000	2.949219
3449.000000	2.949219
3450.000000	2.949219
3451.000000	2.968750
3452.000000	2.968750
3453.000000	2.968750
3454.000000	2.968750
3455.000000	2.968750
3456.000000	2.968750
3457.000000	2.968750
3458.000000	2.949219
3459.000000	2.968750
3460.000000	2.968750
3461.000000	2.929687
3462.000000	2.988281
3463.000000	2.949219
3464.000000	2.968750
3465.000000	2.968750
3466.000000	2.949219
3467.000000	2.968750
3468.000000	2.910156
3469.000000	2.929687
3470.000000	2.949219
3471.000000	2.929687
3472.000000	2.949219
3473.000000	2.929687
3474.000000	2.929687
3475.000000	2.929687
3476.000000	2.929687
3477.000000	2.929687
3478.000000	2.910156
3479.000000	2.890625
3480.000000	2.929687
3481.000000	2.890625
3482.000000	2.910156
3483.000000	2.890625
3484.000000	3.046875
3485.000000	2.968750
3486.000000	2.929687
3487.000000	2.871094
3488.000000	2.910156
3489.000000	2.910156
3490.000000	2.890625
3491.000000	2.910156
3492.000000	2.871094
3493.000000	2.890625
3494.000000	2.910156
3495.000000	2.910156
3496.000000	2.929687
3497.000000	2.910156
3498.000000	2.910156
3499.000000	2.949219
3500.000000	2.910156
3501.000000	2.910156
3502.000000	2.949219
3503.000000	2.929687
3504.000000	2.910156
3505.000000	2.929687
3506.000000	2.890625
3507.000000	2.890625
3508.000000	2.910156
3509.000000	2.851562
3510.000000	2.929687
3511.000000	2.890625
3512.000000	2.910156
3513.000000	2.890625
3514.000000	2.890625
3515.000000	2.890625
3516.000000	2.890625
3517.000000	2.890625
3518.000000	2.890625
3519.000000	2.890625
3520.000000	2.910156
3521.000000	2.929687
3522.000000	2.890625
3523.000000	2.890625
3524.000000	2.871094
3525.000000	2.890625
3526.000000	2.890625
3527.000000	2.871094
3528.000000	2.871094
3529.000000	2.890625
3530.000000	2.871094
3531.000000	2.890625
3532.000000	2.890625
3533.000000	2.910156
3534.000000	2.871094
3535.000000	2.910156
3536.000000	2.890625
3537.000000	2.929687
3538.000000	2.949219
3539.000000	2.890625
3540.000000	2.910156
3541.000000	2.910156
3542.000000	2.910156
3543.000000	2.890625
3544.000000	2.929687
3545.000000	2.910156
3546.000000	2.929687
3547.000000	2.968750
3548.000000	2.929687
3549.000000	2.949219
3550.000000	2.929687
3551.000000	2.968750
3552.000000	2.949219
3553.000000	2.949219
3554.000000	2.949219
3555.000000	2.929687
3556.000000	2.949219
3557.000000	2.968750
3558.000000	2.949219
3559.000000	2.968750
3560.000000	2.949219
3561.000000	2.968750
3562.000000	2.949219
3563.000000	2.929687
3564.000000	2.949219
3565.000000	2.910156
3566.000000	2.910156
3567.000000	2.929687
3568.000000	2.929687
3569.000000	2.910156
3570.000000	2.949219
3571.000000	2.929687
3572.000000	2.949219
3573.000000	2.890625
3574.000000	2.890625
3575.000000	2.929687
3576.000000	2.929687
3577.000000	2.929687
3578.000000	2.871094
3579.000000	2.910156
3580.000000	2.910156
3581.000000	2.890625
3582.000000	2.949219
3583.000000	2.910156
3584.000000	2.949219
3585.000000	2.929687
3586.000000	2.949219
3587.000000	2.949219
3588.000000	2.968750
3589.000000	2.968750
3590.000000	2.988281
3591.000000	2.968750
3592.000000	3.007812
3593.000000	3.007812
3594.000000	3.007812
3595.000000	3.027344
3596.000000	2.988281
3597.000000	3.027344
3598.000000	3.007812
3599.000000	2.988281
3600.000000	3.027344
3601.000000	2.988281
3602.000000	3.007812
3603.000000	2.968750
3604.000000	2.988281
3605.000000	3.007812
3606.000000	2.988281
3607.000000	2.988281
3608.000000	2.949219
3609.000000	2.968750
3610.000000	2.988281
3611.000000	2.988281
3612.000000	2.988281
3613.000000	2.949219
3614.000000	2.968750
3615.000000	2.968750
3616.000000	2.968750
3617.000000	2.968750
3618.000000	2.988281
3619.000000	2.968750
3620.000000	2.988281
3621.000000	2.968750
3622.000000	2.988281
3623.000000	2.949219
3624.000000	2.949219
3625.000000	2.968750
3626.000000	2.968750
3627.000000	2.988281
3628.000000	2.929687
3629.000000	2.949219
3630.000000	2.968750
3631.000000	2.929687
3632.000000	2.968750
3633.000000	2.968750
3634.000000	2.949219
3635.000000	2.968750
3636.000000	2.910156
3637.000000	2.949219
3638.000000	2.968750
3639.000000	2.949219
3640.000000	2.910156
3641.000000	2.988281
3642.000000	2.968750
3643.000000	2.949219
3644.000000	2.929687
3645.000000	2.929687
3646.000000	2.949219
3647.000000	2.929687
3648.000000	2.968750
3649.000000	2.968750
3650.000000	2.968750
3651.000000	2.988281
3652.000000	2.968750
3653.000000	2.988281
3654.000000	2.988281
3655.000000	2.949219
3656.000000	2.988281
3657.000000	2.968750
3658.000000	2.968750
3659.000000	2.988281
3660.000000	2.988281
3661.000000	3.007812
3662.000000	3.027344
3663.000000	2.988281
3664.000000	3.027344
3665.000000	2.988281
3666.000000	3.007812
3667.000000	3.007812
3668.000000	2.968750
3669.000000	2.988281
3670.000000	2.968750
3671.000000	2.988281
3672.000000	3.027344
3673.000000	2.988281
3674.000000	3.007812
3675.000000	2.968750
3676.000000	2.949219
3677.000000	2.988281
3678.000000	2.929687
3679.000000	2.988281
3680.000000	2.929687
3681.000000	2.929687
3682.000000	2.929687
3683.000000	2.929687
3684.000000	2.929687
3685.000000	2.929687
3686.000000	2.910156
3687.000000	2.910156
3688.000000	2.929687
3689.000000	2.890625
3690.000000	2.929687
3691.000000	2.890625
3692.000000	2.929687
3693.000000	2.871094
3694.000000	2.890625
3695.000000	2.910156
3696.000000	2.890625
3697.000000	2.890625
3698.000000	2.871094
3699.000000	2.851562
3700.000000	2.890625
3701.000000	2.851562
3702.000000	2.871094
3703.000000	2.890625
3704.000000	2.890625
3705.000000	2.949219
3706.000000	2.890625
3707.000000	2.910156
3708.000000	2.890625
3709.000000	2.910156
3710.000000	2.910156
3711.000000	2.910156
3712.000000	2.910156
3713.000000	2.910156
3714.000000	2.910156
3715.000000	2.890625
3716.000000	2.910156
3717.000000	2.871094
3718.000000	2.910156
3719.000000	2.871094
3720.000000	2.851562
3721.000000	2.851562
3722.000000	2.851562
3723.000000	2.890625
3724.000000	2.871094
3725.000000	2.890625
3726.000000	2.890625
3727.000000	2.871094
3728.000000	2.851562
3729.000000	2.851562
3730.000000	2.851562
3731.000000	2.832031
3732.000000	2.812500
3733.000000	2.832031
3734.000000	2.832031
3735.000000	2.832031
3736.000000	2.812500
3737.000000	2.812500
3738.000000	2.812500
3739.000000	2.792969
3740.000000	2.792969
3741.000000	2.753906
3742.000000	2.773437
3743.000000	2.753906
3744.000000	2.812500
3745.000000	2.773437
3746.000000	2.773437
3747.000000	2.773437
3748.000000	2.753906
3749.000000	2.773437
3750.000000	2.753906
3751.000000	2.792969
3752.000000	2.773437
3753.000000	2.792969
3754.000000	2.773437
3755.000000	2.773437
3756.000000	2.812500
3757.000000	2.812500
3758.000000	2.792969
3759.000000	2.812500
3760.000000	2.812500
3761.000000	2.792969
3762.000000	2.812500
3763.000000	2.792969
3764.000000	2.812500
3765.000000	2.851562
3766.000000	2.832031
3767.000000	2.851562
3768.000000	2.812500
3769.000000	2.812500
3770.000000	2.812500
3771.000000	2.832031
3772.000000	2.832031
3773.000000	2.832031
3774.000000	2.812500
3775.000000	2.832031
3776.000000	2.792969
3777.000000	2.832031
3778.000000	2.832031
3779.000000	2.832031
3780.000000	2.851562
3781.000000	2.812500
3782.000000	2.832031
3783.000000	2.832031
3784.000000	2.812500
3785.000000	2.792969
3786.000000	2.773437
3787.000000	2.753906
3788.000000	2.773437
3789.000000	2.812500
3790.000000	2.773437
3791.000000	2.812500
3792.000000	2.792969
3793.000000	2.812500
3794.000000	2.871094
3795.000000	2.812500
3796.000000	2.832031
3797.000000	2.832031
3798.000000	2.792969
3799.000000	2.871094
3800.000000	2.851562
3801.000000	2.851562
3802.000000	2.890625
3803.000000	2.851562
3804.000000	2.890625
3805.000000	2.910156
3806.000000	2.890625
3807.000000	2.949219
3808.000000	2.910156
3809.000000	2.929687
3810.000000	2.929687
3811.000000	2.910156
3812.000000	2.929687
3813.000000	2.929687
3814.000000	2.929687
3815.000000	2.949219
3816.000000	2.949219
3817.000000	2.968750
3818.000000	2.968750
3819.000000	2.968750
3820.000000	2.988281
3821.000000	2.968750
3822.000000	2.988281
3823.000000	2.988281
3824.000000	2.949219
3825.000000	3.007812
3826.000000	3.046875
3827.000000	2.968750
3828.000000	2.988281
3829.000000	3.007812
3830.000000	3.007812
3831.000000	3.027344
3832.000000	3.007812
3833.000000	3.007812
3834.000000	3.046875
3835.000000	2.988281
3836.000000	3.027344
3837.000000	3.007812
3838.000000	2.988281
3839.000000	3.007812
3840.000000	2.949219
3841.000000	3.027344
3842.000000	3.007812
3843.000000	2.988281
3844.000000	3.046875
3845.000000	2.988281
3846.000000	2.988281
3847.000000	3.007812
3848.000000	3.027344
3849.000000	3.046875
3850.000000	3.027344
3851.000000	3.066406
3852.000000	3.066406
3853.000000	3.066406
3854.000000	3.066406
3855.000000	3.046875
3856.000000	3.125000
3857.000000	3.066406
3858.000000	3.085937
3859.000000	3.085937
3860.000000	3.046875
3861.000000	3.125000
3862.000000	3.066406
3863.000000	3.085937
3864.000000	3.046875
3865.000000	3.066406
3866.000000	3.085937
3867.000000	3.046875
3868.000000	3.046875
3869.000000	3.066406
3870.000000	3.046875
3871.000000	3.066406
3872.000000	3.085937
3873.000000	3.085937
3874.000000	3.105469
3875.000000	3.046875
3876.000000	3.105469
3877.000000	3.105469
3878.000000	3.125000
3879.000000	3.144531
3880.000000	3.105469
3881.000000	3.125000
3882.000000	3.125000
3883.000000	3.125000
3884.000000	3.144531
3885.000000	3.105469
3886.000000	3.164062
3887.000000	3.164062
3888.000000	3.164062
3889.000000	3.183594
3890.000000	3.125000
3891.000000	3.164062
3892.000000	3.164062
3893.000000	3.183594
3894.000000	3.203125
3895.000000	3.144531
3896.000000	3.183594
3897.000000	3.144531
3898.000000	3.144531
3899.000000	3.144531
3900.000000	3.144531
3901.000000	3.183594
3902.000000	3.144531
3903.000000	3.144531
3904.000000	3.144531
3905.000000	3.125000
3906.000000	3.125000
3907.000000	3.085937
3908.000000	3.105469
3909.000000	3.066406
3910.000000	3.085937
3911.000000	3.085937
3912.000000	3.046875
3913.000000	3.105469
3914.000000	3.085937
3915.000000	3.105469
3916.000000	3.105469
3917.000000	3.085937
3918.000000	3.105469
3919.000000	3.085937
3920.000000	3.085937
3921.000000	3.105469
3922.000000	3.066406
3923.000000	3.085937
3924.000000	3.085937
3925.000000	3.066406
3926.000000	3.085937
3927.000000	3.046875
3928.000000	3.125000
3929.000000	3.066406
3930.000000	3.046875
3931.000000	3.066406
3932.000000	3.046875
3933.000000	3.066406
3934.000000	3.066406
3935.000000	3.027344
3936.000000	3.085937
3937.000000	3.046875
3938.000000	3.027344
3939.000000	3.046875
3940.000000	3.007812
3941.000000	3.027344
3942.000000	2.988281
3943.000000	2.949219
3944.000000	2.988281
3945.000000	2.929687
3946.000000	2.949219
3947.000000	2.929687
3948.000000	2.929687
3949.000000	2.929687
3950.000000	2.871094
3951.000000	2.871094
3952.000000	2.890625
3953.000000	2.851562
3954.000000	2.871094
3955.000000	2.871094
3956.000000	2.832031
3957.000000	2.890625
3958.000000	2.792969
3959.000000	2.832031
3960.000000	2.871094
3961.000000	2.832031
3962.000000	2.851562
3963.000000	2.832031
3964.000000	2.792969
3965.000000	2.832031
3966.000000	2.792969
3967.000000	2.773437
3968.000000	2.812500
3969.000000	2.753906
3970.000000	2.753906
3971.000000	2.773437
3972.000000	2.734375
3973.000000	2.714844
3974.000000	2.714844
3975.000000	2.636719
3976.000000	2.714844
3977.000000	2.675781
3978.000000	2.675781
3979.000000	2.695312
3980.000000	2.675781
3981.000000	2.675781
3982.000000	2.656250
3983.000000	2.636719
3984.000000	2.617187
3985.000000	2.617187
3986.000000	2.617187
3987.000000	2.558594
3988.000000	2.558594
3989.000000	2.578125
3990.000000	2.519531
3991.000000	2.500000
3992.000000	2.558594
3993.000000	2.500000
3994.000000	2.500000
3995.000000	2.480469
3996.000000	2.480469
3997.000000	2.460937
3998.000000	2.441406
3999.000000	2.500000
4000.000000	2.460937
4001.000000	2.441406
4002.000000	2.441406
4003.000000	2.441406
4004.000000	2.480469
4005.000000	2.421875
4006.000000	2.480469
4007.000000	2.460937
4008.000000	2.441406
4009.000000	2.460937
4010.000000	2.480469
4011.000000	2.480469
4012.000000	2.480469
4013.000000	2.480469
4014.000000	2.480469
4015.000000	2.480469
4016.000000	2.519531
4017.000000	2.519531
4018.000000	2.558594
4019.000000	2.558594
4020.000000	2.597656
4021.000000	2.578125
4022.000000	2.597656
4023.000000	2.636719
4024.000000	2.597656
4025.000000	2.636719
4026.000000	2.636719
4027.000000	2.597656
4028.000000	2.695312
4029.000000	2.636719
4030.000000	2.675781
4031.000000	2.714844
4032.000000	2.695312
4033.000000	2.753906
4034.000000	2.734375
4035.000000	2.753906
4036.000000	2.753906
4037.000000	2.773437
4038.000000	2.792969
4039.000000	2.773437
4040.000000	2.812500
4041.000000	2.832031
4042.000000	2.851562
4043.000000	2.871094
4044.000000	2.832031
4045.000000	2.910156
4046.000000	2.949219
4047.000000	2.871094
4048.000000	2.949219
4049.000000	2.949219
4050.000000	2.949219
4051.000000	2.988281
4052.000000	2.949219
4053.000000	2.968750
4054.000000	2.988281
4055.000000	2.929687
4056.000000	2.968750
4057.000000	3.007812
4058.000000	3.007812
4059.000000	2.949219
4060.000000	2.968750
4061.000000	3.066406
4062.000000	3.085937
4063.000000	3.046875
4064.000000	3.105469
4065.000000	3.085937
4066.000000	3.144531
4067.000000	3.105469
4068.000000	3.125000
4069.000000	3.144531
4070.000000	3.164062
4071.000000	3.203125
4072.000000	3.203125
4073.000000	3.222656
4074.000000	3.261719
4075.000000	3.242187
4076.000000	3.261719
4077.000000	3.281250
4078.000000	3.261719
4079.000000	3.300781
4080.000000	3.320312
4081.000000	3.320312
4082.000000	3.339844
4083.000000	3.359375
4084.000000	3.378906
4085.000000	3.378906
4086.000000	3.339844
4087.000000	3.378906
4088.000000	3.398437
4089.000000	3.378906
4090.000000	3.378906
4091.000000	3.378906
4092.000000	3.417969
4093.000000	3.378906
4094.000000	3.359375
4095.000000	3.398437
4096.000000	3.378906
4097.000000	3.378906
4098.000000	3.339844
4099.000000	3.339844
4100.000000	3.359375
4101.000000	3.320312
4102.000000	3.300781
4103.000000	3.320312
4104.000000	3.300781
4105.000000	3.300781
4106.000000	3.281250
4107.000000	3.261719
4108.000000	3.281250
4109.000000	3.242187
4110.000000	3.242187
4111.000000	3.261719
4112.000000	3.203125
4113.000000	3.222656
4114.000000	3.222656
4115.000000	3.144531
4116.000000	3.183594
4117.000000	3.164062
4118.000000	3.125000
4119.000000	3.144531
4120.000000	3.085937
4121.000000	3.125000
4122.000000	3.105469
4123.000000	3.085937
4124.000000	3.105469
4125.000000	3.066406
4126.000000	3.027344
4127.000000	3.066406
4128.000000	3.046875
4129.000000	3.007812
4130.000000	3.027344
4131.000000	3.027344
4132.000000	3.027344
4133.000000	2.988281
4134.000000	3.046875
4135.000000	2.988281
4136.000000	2.949219
4137.000000	3.007812
4138.000000	2.929687
4139.000000	2.949219
4140.000000	2.929687
4141.000000	2.910156
4142.000000	2.871094
4143.000000	2.890625
4144.000000	2.890625
4145.000000	2.812500
4146.000000	2.871094
4147.000000	2.851562
4148.000000	2.792969
4149.000000	2.832031
4150.000000	2.792969
4151.000000	2.773437
4152.000000	2.792969
4153.000000	2.773437
4154.000000	2.773437
4155.000000	2.714844
4156.000000	2.734375
4157.000000	2.734375
4158.000000	2.714844
4159.000000	2.695312
4160.000000	2.734375
4161.000000	2.714844
4162.000000	2.734375
4163.000000	2.675781
4164.000000	2.656250
4165.000000	2.714844
4166.000000	2.656250
4167.000000	2.695312
4168.000000	2.675781
4169.000000	2.714844
4170.000000	2.734375
4171.000000	2.695312
4172.000000	2.734375
4173.000000	2.714844
4174.000000	2.695312
4175.000000	2.734375
4176.000000	2.714844
4177.000000	2.773437
4178.000000	2.773437
4179.000000	2.734375
4180.000000	2.753906
4181.000000	2.714844
4182.000000	2.753906
4183.000000	2.753906
4184.000000	2.714844
4185.000000	2.792969
4186.000000	2.734375
4187.000000	2.753906
4188.000000	2.773437
4189.000000	2.753906
4190.000000	2.792969
4191.000000	2.734375
4192.000000	2.773437
4193.000000	2.753906
4194.000000	2.753906
4195.000000	2.734375
4196.000000	2.734375
4197.000000	2.773437
4198.000000	2.773437
4199.000000	2.734375
4200.000000	2.792969
4201.000000	2.753906
4202.000000	2.773437
4203.000000	2.753906
4204.000000	2.753906
4205.000000	2.734375
4206.000000	2.734375
4207.000000	2.734375
4208.000000	2.773437
4209.000000	2.734375
4210.000000	2.753906
4211.000000	2.734375
4212.000000	2.753906
4213.000000	2.773437
4214.000000	2.792969
4215.000000	2.773437
4216.000000	2.812500
4217.000000	2.792969
4218.000000	2.792969
4219.000000	2.792969
4220.000000	2.812500
4221.000000	2.812500
4222.000000	2.812500
4223.000000	2.832031
4224.000000	2.773437
4225.000000	2.832031
4226.000000	2.851562
4227.000000	2.812500
4228.000000	2.871094
4229.000000	2.851562
4230.000000	2.851562
4231.000000	2.851562
4232.000000	2.890625
4233.000000	2.871094
4234.000000	2.871094
4235.000000	2.851562
4236.000000	2.890625
4237.000000	2.871094
4238.000000	2.890625
4239.000000	2.910156
4240.000000	2.890625
4241.000000	2.910156
4242.000000	2.929687
4243.000000	2.929687
4244.000000	2.968750
4245.000000	2.929687
4246.000000	2.890625
4247.000000	2.968750
4248.000000	2.929687
4249.000000	2.949219
4250.000000	2.968750
4251.000000	2.929687
4252.000000	3.007812
4253.000000	2.968750
4254.000000	2.929687
4255.000000	2.988281
4256.000000	2.929687
4257.000000	2.949219
4258.000000	2.968750
4259.000000	2.929687
4260.000000	2.949219
4261.000000	2.968750
4262.000000	2.929687
4263.000000	2.949219
4264.000000	2.968750
4265.000000	2.929687
4266.000000	2.968750
4267.000000	2.949219
4268.000000	2.929687
4269.000000	2.949219
4270.000000	2.929687
4271.000000	2.968750
4272.000000	2.949219
4273.000000	2.968750
4274.000000	3.007812
4275.000000	2.949219
4276.000000	2.968750
4277.000000	2.988281
4278.000000	2.988281
4279.000000	3.046875
4280.000000	3.027344
4281.000000	3.007812
4282.000000	3.027344
4283.000000	3.007812
4284.000000	3.046875
4285.000000	3.027344
4286.000000	3.027344
4287.000000	3.046875
4288.000000	3.027344
4289.000000	3.027344
4290.000000	3.046875
4291.000000	3.046875
4292.000000	3.085937
4293.000000	3.066406
4294.000000	3.046875
4295.000000	3.066406
4296.000000	3.046875
4297.000000	3.046875
4298.000000	3.085937
4299.000000	3.066406
4300.000000	3.085937
4301.000000	3.085937
4302.000000	3.046875
4303.000000	3.066406
4304.000000	3.046875
4305.000000	3.066406
4306.000000	3.066406
4307.000000	3.046875
4308.000000	3.046875
4309.000000	3.046875
4310.000000	3.027344
4311.000000	3.027344
4312.000000	3.046875
4313.000000	3.007812
4314.000000	3.046875
4315.000000	3.027344
4316.000000	3.027344
4317.000000	3.066406
4318.000000	3.027344
4319.000000	3.085937
4320.000000	3.027344
4321.000000	3.007812
4322.000000	3.027344
4323.000000	3.027344
4324.000000	3.046875
4325.000000	2.988281
4326.000000	3.046875
4327.000000	3.007812
4328.000000	3.007812
4329.000000	3.027344
4330.000000	2.988281
4331.000000	3.027344
4332.000000	3.027344
4333.000000	3.027344
4334.000000	3.066406
4335.000000	3.007812
4336.000000	3.027344
4337.000000	3.027344
4338.000000	3.027344
4339.000000	3.027344
4340.000000	3.007812
4341.000000	3.007812
4342.000000	2.988281
4343.000000	3.027344
4344.000000	3.027344
4345.000000	2.988281
4346.000000	3.007812
4347.000000	2.988281
4348.000000	2.968750
4349.000000	2.949219
4350.000000	2.988281
4351.000000	2.968750
4352.000000	2.988281
4353.000000	2.929687
4354.000000	2.988281
4355.000000	2.949219
4356.000000	2.929687
4357.000000	2.929687
4358.000000	2.949219
4359.000000	2.949219
4360.000000	2.929687
4361.000000	2.910156
4362.000000	2.949219
4363.000000	2.929687
4364.000000	2.890625
4365.000000	2.929687
4366.000000	2.890625
4367.000000	2.929687
4368.000000	2.871094
4369.000000	2.851562
4370.000000	2.890625
4371.000000	2.871094
4372.000000	2.890625
4373.000000	2.851562
4374.000000	2.871094
4375.000000	2.851562
4376.000000	2.890625
4377.000000	2.890625
4378.000000	2.871094
4379.000000	2.890625
4380.000000	2.851562
4381.000000	2.871094
4382.000000	2.890625
4383.000000	2.851562
4384.000000	2.890625
4385.000000	2.910156
4386.000000	2.871094
4387.000000	2.890625
4388.000000	2.871094
4389.000000	2.851562
4390.000000	2.910156
4391.000000	2.871094
4392.000000	2.871094
4393.000000	2.890625
4394.000000	2.851562
4395.000000	2.871094
4396.000000	2.871094
4397.000000	2.871094
4398.000000	2.851562
4399.000000	2.851562
4400.000000	2.890625
4401.000000	2.871094
4402.000000	2.832031
4403.000000	2.871094
4404.000000	2.812500
4405.000000	2.832031
4406.000000	2.851562
4407.000000	2.832031
4408.000000	2.832031
4409.000000	2.851562
4410.000000	2.832031
4411.000000	2.832031
4412.000000	2.851562
4413.000000	2.792969
4414.000000	2.832031
4415.000000	2.812500
4416.000000	2.832031
4417.000000	2.812500
4418.000000	2.812500
4419.000000	2.832031
4420.000000	2.812500
4421.000000	2.832031
4422.000000	2.832031
4423.000000	2.812500
4424.000000	2.871094
4425.000000	2.832031
4426.000000	2.851562
4427.000000	2.832031
4428.000000	2.832031
4429.000000	2.871094
4430.000000	2.832031
4431.000000	2.851562
4432.000000	2.851562
4433.000000	2.832031
4434.000000	2.871094
4435.000000	2.871094
4436.000000	2.832031
4437.000000	2.890625
4438.000000	2.871094
4439.000000	2.929687
4440.000000	2.890625
4441.000000	2.890625
4442.000000	2.949219
4443.000000	2.890625
4444.000000	2.910156
4445.000000	2.890625
4446.000000	2.910156
4447.000000	2.910156
4448.000000	2.929687
4449.000000	2.929687
4450.000000	2.949219
4451.000000	2.910156
4452.000000	2.949219
4453.000000	2.910156
4454.000000	2.910156
4455.000000	2.910156
4456.000000	2.929687
4457.000000	2.929687
4458.000000	2.968750
4459.000000	2.929687
4460.000000	2.929687
4461.000000	2.910156
4462.000000	2.929687
4463.000000	2.929687
4464.000000	2.949219
4465.000000	2.968750
4466.000000	2.910156
4467.000000	2.949219
4468.000000	2.949219
4469.000000	2.910156
4470.000000	2.949219
4471.000000	2.929687
4472.000000	2.949219
4473.000000	2.949219
4474.000000	2.910156
4475.000000	2.968750
4476.000000	2.949219
4477.000000	2.929687
4478.000000	2.949219
4479.000000	2.910156
4480.000000	2.988281
4481.000000	2.949219
4482.000000	2.949219
4483.000000	2.988281
4484.000000	2.929687
4485.000000	2.929687
4486.000000	2.968750
4487.000000	2.910156
4488.000000	2.949219
4489.000000	2.910156
4490.000000	2.910156
4491.000000	2.929687
4492.000000	2.929687
4493.000000	2.929687
4494.000000	2.929687
4495.000000	2.949219
4496.000000	2.929687
4497.000000	2.910156
4498.000000	2.890625
4499.000000	2.910156
4500.000000	2.949219
4501.000000	2.890625
4502.000000	2.929687
4503.000000	2.910156
4504.000000	2.910156
4505.000000	2.949219
4506.000000	2.890625
4507.000000	2.949219
4508.000000	2.890625
4509.000000	2.910156
4510.000000	2.929687
4511.000000	2.890625
4512.000000	2.910156
4513.000000	2.929687
4514.000000	2.910156
4515.000000	2.929687
4516.000000	2.929687
4517.000000	2.929687
4518.000000	2.910156
4519.000000	2.871094
4520.000000	2.910156
4521.000000	2.871094
4522.000000	2.910156
4523.000000	2.910156
4524.000000	2.890625
4525.000000	2.949219
4526.000000	2.929687
4527.000000	2.949219
4528.000000	2.949219
4529.000000	2.910156
4530.000000	2.929687
4531.000000	2.929687
4532.000000	2.910156
4533.000000	2.949219
4534.000000	2.929687
4535.000000	2.949219
4536.000000	2.968750
4537.000000	2.949219
4538.000000	2.949219
4539.000000	2.988281
4540.000000	2.949219
4541.000000	2.968750
4542.000000	3.007812
4543.000000	2.968750
4544.000000	2.949219
4545.000000	2.988281
4546.000000	2.968750
4547.000000	2.968750
4548.000000	2.988281
4549.000000	2.949219
4550.000000	2.988281
4551.000000	2.968750
4552.000000	2.949219
4553.000000	2.968750
4554.000000	2.988281
4555.000000	2.949219
4556.000000	2.968750
4557.000000	2.968750
4558.000000	2.968750
4559.000000	2.988281
4560.000000	2.929687
4561.000000	2.949219
4562.000000	2.968750
4563.000000	2.968750
4564.000000	2.968750
4565.000000	2.988281
4566.000000	2.949219
4567.000000	2.988281
4568.000000	2.968750
4569.000000	2.929687
4570.000000	2.988281
4571.000000	2.949219
4572.000000	2.968750
4573.000000	2.929687
4574.000000	2.890625
4575.000000	2.929687
4576.000000	2.949219
4577.000000	2.949219
4578.000000	2.968750
4579.000000	2.929687
4580.000000	2.949219
4581.000000	2.949219
4582.000000	2.890625
4583.000000	2.968750
4584.000000	2.949219
4585.000000	2.910156
4586.000000	2.968750
4587.000000	2.910156
4588.000000	2.929687
4589.000000	2.949219
4590.000000	2.890625
4591.000000	2.929687
4592.000000	2.890625
4593.000000	2.910156
4594.000000	2.910156
4595.000000	2.851562
4596.000000	2.890625
4597.000000	2.890625
4598.000000	2.851562
4599.000000	2.890625
4600.000000	2.851562
4601.000000	2.890625
4602.000000	2.871094
4603.000000	2.871094
4604.000000	2.890625
4605.000000	2.890625
4606.000000	2.910156
4607.000000	2.910156
4608.000000	2.890625
4609.000000	2.929687
4610.000000	2.910156
4611.000000	2.929687
4612.000000	2.968750
4613.000000	2.910156
4614.000000	2.929687
4615.000000	2.910156
4616.000000	2.929687
4617.000000	2.949219
4618.000000	2.929687
4619.000000	2.968750
4620.000000	2.910156
4621.000000	2.910156
4622.000000	2.949219
4623.000000	2.929687
4624.000000	2.949219
4625.000000	2.910156
4626.000000	2.968750
4627.000000	2.968750
4628.000000	2.949219
4629.000000	2.949219
4630.000000	2.968750
4631.000000	2.949219
4632.000000	2.988281
4633.000000	2.929687
4634.000000	2.929687
4635.000000	2.949219
4636.000000	2.910156
4637.000000	2.910156
4638.000000	2.890625
4639.000000	2.871094
4640.000000	2.929687
4641.000000	2.871094
4642.000000	2.871094
4643.000000	2.890625
4644.000000	2.851562
4645.000000	2.890625
4646.000000	2.851562
4647.000000	2.871094
4648.000000	2.871094
4649.000000	2.832031
4650.000000	2.910156
4651.000000	2.871094
4652.000000	2.871094
4653.000000	2.871094
4654.000000	2.890625
4655.000000	2.890625
4656.000000	2.851562
4657.000000	2.871094
4658.000000	2.871094
4659.000000	2.871094
4660.000000	2.910156
4661.000000	2.851562
4662.000000	2.910156
4663.000000	2.910156
4664.000000	2.910156
4665.000000	2.890625
4666.000000	2.871094
4667.000000	2.910156
4668.000000	2.910156
4669.000000	2.910156
4670.000000	2.910156
4671.000000	2.910156
4672.000000	2.929687
4673.000000	2.929687
4674.000000	2.910156
4675.000000	2.890625
4676.000000	2.910156
4677.000000	2.929687
4678.000000	2.929687
4679.000000	2.929687
4680.000000	2.929687
4681.000000	2.910156
4682.000000	2.968750
4683.000000	2.929687
4684.000000	2.949219
4685.000000	2.949219
4686.000000	2.929687
4687.000000	2.949219
4688.000000	2.949219
4689.000000	2.968750
4690.000000	2.929687
4691.000000	2.929687
4692.000000	2.910156
4693.000000	2.929687
4694.000000	2.871094
4695.000000	2.929687
4696.000000	2.910156
4697.000000	2.910156
4698.000000	2.929687
4699.000000	2.910156
4700.000000	2.949219
4701.000000	2.890625
4702.000000	2.890625
4703.000000	2.890625
4704.000000	2.910156
4705.000000	2.929687
4706.000000	2.890625
4707.000000	2.910156
4708.000000	2.929687
4709.000000	2.910156
4710.000000	2.949219
4711.000000	2.968750
4712.000000	2.968750
4713.000000	2.968750
4714.000000	2.988281
4715.000000	2.968750
4716.000000	2.949219
4717.000000	2.988281
4718.000000	3.007812
4719.000000	3.007812
4720.000000	3.007812
4721.000000	3.007812
4722.000000	2.988281
4723.000000	2.988281
4724.000000	2.988281
4725.000000	3.027344
4726.000000	3.007812
4727.000000	2.968750
4728.000000	3.046875
4729.000000	3.007812
4730.000000	2.988281
4731.000000	3.007812
4732.000000	2.968750
4733.000000	3.007812
4734.000000	2.988281
4735.000000	3.007812
4736.000000	3.027344
4737.000000	2.968750
4738.000000	2.968750
4739.000000	2.988281
4740.000000	2.949219
4741.000000	2.988281
4742.000000	2.988281
4743.000000	2.968750
4744.000000	2.949219
4745.000000	2.949219
4746.000000	2.988281
4747.000000	2.929687
4748.000000	2.949219
4749.000000	2.949219
4750.000000	2.910156
4751.000000	2.949219
4752.000000	2.890625
4753.000000	2.910156
4754.000000	2.929687
4755.000000	2.871094
4756.000000	2.929687
4757.000000	2.929687
4758.000000	2.910156
4759.000000	2.968750
4760.000000	2.890625
4761.000000	2.910156
4762.000000	2.890625
4763.000000	2.871094
4764.000000	2.910156
4765.000000	2.871094
4766.000000	2.910156
4767.000000	2.871094
4768.000000	2.890625
4769.000000	2.910156
4770.000000	2.910156
4771.000000	2.890625
4772.000000	2.910156
4773.000000	2.871094
4774.000000	2.890625
4775.000000	2.890625
4776.000000	2.871094
4777.000000	2.890625
4778.000000	2.910156
4779.000000	2.890625
4780.000000	2.910156
4781.000000	2.910156
4782.000000	2.929687
4783.000000	2.890625
4784.000000	2.871094
4785.000000	2.910156
4786.000000	2.910156
4787.000000	2.871094
4788.000000	2.890625
4789.000000	2.871094
4790.000000	2.871094
4791.000000	2.871094
4792.000000	2.890625
4793.000000	2.890625
4794.000000	2.910156
4795.000000	2.890625
4796.000000	2.910156
4797.000000	2.910156
4798.000000	2.929687
4799.000000	2.929687
4800.000000	2.929687
4801.000000	2.949219
4802.000000	2.949219
4803.000000	2.949219
4804.000000	2.949219
4805.000000	2.929687
4806.000000	2.929687
4807.000000	2.910156
4808.000000	2.910156
4809.000000	2.949219
4810.000000	2.910156
4811.000000	2.949219
4812.000000	2.871094
4813.000000	2.890625
4814.000000	2.910156
4815.000000	2.890625
4816.000000	2.929687
4817.000000	2.929687
4818.000000	2.910156
4819.000000	2.910156
4820.000000	2.890625
4821.000000	2.851562
4822.000000	2.890625
4823.000000	2.851562
4824.000000	2.871094
4825.000000	2.851562
4826.000000	2.871094
4827.000000	2.890625
4828.000000	2.890625
4829.000000	2.851562
4830.000000	2.890625
4831.000000	2.871094
4832.000000	2.910156
4833.000000	2.890625
4834.000000	2.871094
4835.000000	2.871094
4836.000000	2.871094
4837.000000	2.851562
4838.000000	2.871094
4839.000000	2.832031
4840.000000	2.832031
4841.000000	2.871094
4842.000000	2.851562
4843.000000	2.890625
4844.000000	2.871094
4845.000000	2.832031
4846.000000	2.871094
4847.000000	2.871094
4848.000000	2.851562
4849.000000	2.890625
4850.000000	2.851562
4851.000000	2.890625
4852.000000	2.910156
4853.000000	2.871094
4854.000000	2.929687
4855.000000	2.851562
4856.000000	2.871094
4857.000000	2.929687
4858.000000	2.871094
4859.000000	2.929687
4860.000000	2.929687
4861.000000	2.910156
4862.000000	2.929687
4863.000000	2.929687
4864.000000	2.968750
4865.000000	2.968750
4866.000000	2.929687
4867.000000	2.949219
4868.000000	2.890625
4869.000000	2.929687
4870.000000	2.949219
4871.000000	2.929687
4872.000000	2.968750
4873.000000	2.988281
4874.000000	2.968750
4875.000000	2.988281
4876.000000	2.968750
4877.000000	2.968750
4878.000000	2.968750
4879.000000	3.007812
4880.000000	2.968750
4881.000000	3.046875
4882.000000	2.988281
4883.000000	3.027344
4884.000000	3.007812
4885.000000	3.007812
4886.000000	3.007812
4887.000000	2.949219
4888.000000	3.007812
4889.000000	2.988281
4890.000000	2.968750
4891.000000	3.007812
4892.000000	2.949219
4893.000000	2.949219
4894.000000	2.988281
4895.000000	2.949219
4896.000000	2.949219
4897.000000	2.968750
4898.000000	2.929687
4899.000000	2.929687
4900.000000	2.968750
4901.000000	2.929687
4902.000000	2.949219
4903.000000	2.929687
4904.000000	2.949219
4905.000000	2.949219
4906.000000	2.949219
4907.000000	2.929687
4908.000000	2.910156
4909.000000	2.929687
4910.000000	2.929687
4911.000000	2.949219
4912.000000	2.968750
4913.000000	2.890625
4914.000000	2.949219
4915.000000	2.949219
4916.000000	2.929687
4917.000000	2.968750
4918.000000	2.890625
4919.000000	2.949219
4920.000000	2.929687
4921.000000	2.929687
4922.000000	2.968750
4923.000000	2.929687
4924.000000	2.968750
4925.000000	2.968750
4926.000000	2.968750
4927.000000	2.988281
4928.000000	2.968750
4929.000000	2.968750
4930.000000	2.968750
4931.000000	2.949219
4932.000000	2.988281
4933.000000	2.988281
4934.000000	2.968750
4935.000000	3.007812
4936.000000	3.007812
4937.000000	3.007812
4938.000000	3.007812
4939.000000	2.968750
4940.000000	3.046875
4941.000000	2.988281
4942.000000	3.007812
4943.000000	2.988281
4944.000000	3.007812
4945.000000	2.988281
4946.000000	2.949219
4947.000000	2.968750
4948.000000	2.968750
4949.000000	2.949219
4950.000000	2.968750
4951.000000	2.929687
4952.000000	2.949219
4953.000000	2.929687
4954.000000	2.949219
4955.000000	2.968750
4956.000000	2.890625
4957.000000	2.929687
4958.000000	2.949219
4959.000000	2.910156
4960.000000	2.949219
4961.000000	2.890625
4962.000000	2.851562
4963.000000	2.890625
4964.000000	2.871094
4965.000000	2.890625
4966.000000	2.851562
4967.000000	2.871094
4968.000000	2.871094
4969.000000	2.851562
4970.000000	2.890625
4971.000000	2.851562
4972.000000	2.871094
4973.000000	2.851562
4974.000000	2.832031
4975.000000	2.871094
4976.000000	2.851562
4977.000000	2.832031
4978.000000	2.871094
4979.000000	2.890625
4980.000000	2.890625
4981.000000	2.851562
4982.000000	2.832031
4983.000000	2.871094
4984.000000	2.851562
4985.000000	2.929687
4986.000000	2.871094
4987.000000	2.871094
4988.000000	2.910156
4989.000000	2.910156
4990.000000	2.910156
4991.000000	2.929687
4992.000000	2.871094
4993.000000	2.929687
4994.000000	2.910156
4995.000000	2.910156
4996.000000	2.910156
4997.000000	2.890625
4998.000000	2.929687
4999.000000	2.910156
5000.000000	2.910156
5001.000000	2.949219
5002.000000	2.871094
5003.000000	2.910156
5004.000000	2.871094
5005.000000	2.832031
5006.000000	2.871094
5007.000000	2.851562
5008.000000	2.832031
5009.000000	2.851562
5010.000000	2.792969
5011.000000	2.812500
5012.000000	2.832031
5013.000000	2.812500
5014.000000	2.832031
5015.000000	2.851562
5016.000000	2.851562
5017.000000	2.871094
5018.000000	2.851562
5019.000000	2.851562
5020.000000	2.832031
5021.000000	2.851562
5022.000000	2.871094
5023.000000	2.851562
5024.000000	2.851562
5025.000000	2.890625
5026.000000	2.832031
5027.000000	2.890625
5028.000000	2.871094
5029.000000	2.890625
5030.000000	2.890625
5031.000000	2.871094
5032.000000	2.910156
5033.000000	2.910156
5034.000000	2.910156
5035.000000	2.910156
5036.000000	2.929687
5037.000000	2.910156
5038.000000	2.949219
5039.000000	2.910156
5040.000000	2.949219
5041.000000	2.929687
5042.000000	2.929687
5043.000000	2.910156
5044.000000	2.949219
5045.000000	2.929687
5046.000000	2.968750
5047.000000	2.929687
5048.000000	2.988281
5049.000000	2.949219
5050.000000	2.949219
5051.000000	2.968750
5052.000000	2.949219
5053.000000	2.910156
5054.000000	2.949219
5055.000000	2.910156
5056.000000	2.968750
5057.000000	2.949219
5058.000000	2.949219
5059.000000	2.929687
5060.000000	2.910156
5061.000000	2.929687
5062.000000	2.968750
5063.000000	2.929687
5064.000000	2.929687
5065.000000	2.910156
5066.000000	2.929687
5067.000000	2.929687
5068.000000	2.929687
5069.000000	2.910156
5070.000000	2.910156
5071.000000	2.929687
5072.000000	2.890625
5073.000000	2.949219
5074.000000	2.910156
5075.000000	2.910156
5076.000000	2.929687
5077.000000	2.910156
5078.000000	2.929687
5079.000000	2.890625
5080.000000	2.929687
5081.000000	2.949219
5082.000000	2.910156
5083.000000	2.968750
5084.000000	2.949219
5085.000000	2.949219
5086.000000	2.929687
5087.000000	2.929687
5088.000000	2.968750
5089.000000	2.988281
5090.000000	2.949219
5091.000000	3.046875
5092.000000	3.027344
5093.000000	3.007812
5094.000000	3.027344
5095.000000	2.968750
5096.000000	2.988281
5097.000000	2.988281
5098.000000	2.988281
5099.000000	3.027344
5100.000000	2.988281
5101.000000	3.046875
5102.000000	3.027344
5103.000000	3.007812
5104.000000	3.007812
5105.000000	3.007812
5106.000000	2.988281
5107.000000	3.007812
5108.000000	2.949219
5109.000000	2.988281
5110.000000	2.968750
5111.000000	2.988281
5112.000000	2.988281
5113.000000	2.949219
5114.000000	2.949219
5115.000000	2.949219
5116.000000	2.949219
5117.000000	2.949219
5118.000000	2.949219
5119.000000	2.949219
5120.000000	2.968750
5121.000000	2.949219
5122.000000	2.968750
5123.000000	2.968750
5124.000000	2.949219
5125.000000	2.949219
5126.000000	2.968750
5127.000000	2.910156
5128.000000	2.871094
5129.000000	2.910156
5130.000000	2.929687
5131.000000	2.910156
5132.000000	2.910156
5133.000000	2.910156
5134.000000	2.929687
5135.000000	2.890625
5136.000000	2.910156
5137.000000	2.949219
5138.000000	2.910156
5139.000000	2.890625
5140.000000	2.929687
5141.000000	2.929687
5142.000000	2.910156
5143.000000	2.929687
5144.000000	2.890625
5145.000000	2.890625
5146.000000	2.890625
5147.000000	2.910156
5148.000000	2.949219
5149.000000	2.929687
5150.000000	2.890625
5151.000000	2.929687
5152.000000	2.929687
5153.000000	2.910156
5154.000000	2.910156
5155.000000	2.910156
5156.000000	2.929687
5157.000000	2.910156
5158.000000	2.910156
5159.000000	2.929687
5160.000000	2.910156
5161.000000	2.910156
5162.000000	2.949219
5163.000000	2.910156
5164.000000	2.890625
5165.000000	2.949219
5166.000000	2.910156
5167.000000	2.929687
5168.000000	2.949219
5169.000000	2.890625
5170.000000	2.949219
5171.000000	2.910156
5172.000000	2.929687
5173.000000	2.949219
5174.000000	2.890625
5175.000000	2.949219
5176.000000	2.890625
5177.000000	2.871094
5178.000000	2.910156
5179.000000	2.890625
5180.000000	2.890625
5181.000000	2.890625
5182.000000	2.890625
5183.000000	2.910156
5184.000000	2.890625
5185.000000	2.910156
5186.000000	2.871094
5187.000000	2.851562
5188.000000	2.871094
5189.000000	2.832031
5190.000000	2.871094
5191.000000	2.851562
5192.000000	2.832031
5193.000000	2.851562
5194.000000	2.792969
5195.000000	2.871094
5196.000000	2.832031
5197.000000	2.832031
5198.000000	2.871094
5199.000000	2.832031
5200.000000	2.871094
5201.000000	2.812500
5202.000000	2.851562
5203.000000	2.851562
5204.000000	2.832031
5205.000000	2.871094
5206.000000	2.871094
5207.000000	2.851562
5208.000000	2.871094
5209.000000	2.890625
5210.000000	2.910156
5211.000000	2.929687
5212.000000	2.890625
5213.000000	2.949219
5214.000000	2.949219
5215.000000	2.929687
5216.000000	2.968750
5217.000000	2.910156
5218.000000	2.949219
5219.000000	2.910156
5220.000000	2.910156
5221.000000	2.949219
5222.000000	2.910156
5223.000000	2.968750
5224.000000	2.890625
5225.000000	2.929687
5226.000000	2.968750
5227.000000	2.929687
5228.000000	2.968750
5229.000000	2.929687
5230.000000	2.929687
5231.000000	2.910156
5232.000000	2.910156
5233.000000	2.929687
5234.000000	2.910156
5235.000000	2.910156
5236.000000	2.929687
5237.000000	2.929687
5238.000000	2.929687
5239.000000	2.929687
5240.000000	2.929687
5241.000000	2.890625
5242.000000	2.871094
5243.000000	2.871094
5244.000000	2.890625
5245.000000	2.910156
5246.000000	2.890625
5247.000000	2.871094
5248.000000	2.910156
5249.000000	2.871094
5250.000000	2.890625
5251.000000	2.949219
5252.000000	2.890625
5253.000000	2.910156
5254.000000	2.890625
5255.000000	2.890625
5256.000000	2.910156
5257.000000	2.929687
5258.000000	2.890625
5259.000000	2.910156
5260.000000	2.910156
5261.000000	2.949219
5262.000000	2.910156
5263.000000	2.910156
5264.000000	2.871094
5265.000000	2.890625
5266.000000	2.929687
5267.000000	2.910156
5268.000000	2.929687
5269.000000	2.910156
5270.000000	2.929687
5271.000000	2.949219
5272.000000	2.910156
5273.000000	2.910156
5274.000000	2.929687
5275.000000	2.910156
5276.000000	2.968750
5277.000000	2.949219
5278.000000	2.949219
5279.000000	2.929687
5280.000000	2.949219
5281.000000	2.988281
5282.000000	2.968750
5283.000000	2.968750
5284.000000	2.949219
5285.000000	2.968750
5286.000000	2.949219
5287.000000	2.929687
5288.000000	2.929687
5289.000000	2.988281
5290.000000	2.968750
5291.000000	3.007812
5292.000000	3.007812
5293.000000	2.968750
5294.000000	2.988281
5295.000000	2.968750
5296.000000	2.968750
5297.000000	2.968750
5298.000000	2.929687
5299.000000	2.968750
5300.000000	2.968750
5301.000000	2.929687
5302.000000	2.988281
5303.000000	2.968750
5304.000000	2.968750
5305.000000	2.968750
5306.000000	2.968750
5307.000000	2.949219
5308.000000	2.949219
5309.000000	2.890625
5310.000000	2.910156
5311.000000	2.910156
5312.000000	2.910156
5313.000000	2.949219
5314.000000	2.929687
5315.000000	2.929687
5316.000000	2.968750
5317.000000	2.910156
5318.000000	2.910156
5319.000000	2.910156
5320.000000	2.890625
5321.000000	2.871094
5322.000000	2.871094
5323.000000	2.890625
5324.000000	2.910156
5325.000000	2.910156
5326.000000	2.929687
5327.000000	2.890625
5328.000000	2.910156
5329.000000	2.910156
5330.000000	2.890625
5331.000000	2.910156
5332.000000	2.910156
5333.000000	2.949219
5334.000000	2.910156
5335.000000	2.949219
5336.000000	2.910156
5337.000000	2.968750
5338.000000	2.949219
5339.000000	2.929687
5340.000000	2.968750
5341.000000	2.949219
5342.000000	2.929687
5343.000000	2.929687
5344.000000	2.949219
5345.000000	2.929687
5346.000000	2.929687
5347.000000	2.929687
5348.000000	2.929687
5349.000000	2.871094
5350.000000	2.910156
5351.000000	2.929687
5352.000000	2.929687
5353.000000	2.929687
5354.000000	2.929687
5355.000000	2.910156
5356.000000	2.949219
5357.000000	2.949219
5358.000000	2.929687
5359.000000	2.949219
5360.000000	2.929687
5361.000000	2.949219
5362.000000	2.949219
5363.000000	2.929687
5364.000000	2.929687
5365.000000	2.929687
5366.000000	2.929687
5367.000000	2.949219
5368.000000	2.929687
5369.000000	2.929687
5370.000000	2.929687
5371.000000	2.890625
5372.000000	2.910156
5373.000000	2.890625
5374.000000	2.910156
5375.000000	2.929687
5376.000000	2.890625
5377.000000	2.929687
5378.000000	2.890625
5379.000000	2.871094
5380.000000	2.871094
5381.000000	2.851562
5382.000000	2.871094
5383.000000	2.871094
5384.000000	2.871094
5385.000000	2.890625
5386.000000	2.890625
5387.000000	2.871094
5388.000000	2.910156
5389.000000	2.851562
5390.000000	2.890625
5391.000000	2.871094
5392.000000	2.851562
5393.000000	2.910156
5394.000000	2.890625
5395.000000	2.871094
5396.000000	2.890625
5397.000000	2.832031
5398.000000	2.871094
5399.000000	2.871094
5400.000000	2.871094
5401.000000	2.910156
5402.000000	2.890625
5403.000000	2.929687
5404.000000	2.890625
5405.000000	2.871094
5406.000000	2.910156
5407.000000	2.871094
5408.000000	2.910156
5409.000000	2.910156
5410.000000	2.890625
5411.000000	2.910156
5412.000000	2.929687
5413.000000	2.910156
5414.000000	2.910156
5415.000000	2.910156
5416.000000	2.949219
5417.000000	2.929687
5418.000000	2.890625
5419.000000	2.929687
5420.000000	2.890625
5421.000000	2.910156
5422.000000	2.910156
5423.000000	2.890625
5424.000000	2.949219
5425.000000	2.890625
5426.000000	2.910156
5427.000000	2.929687
5428.000000	2.910156
5429.000000	2.910156
5430.000000	2.890625
5431.000000	2.949219
5432.000000	2.890625
5433.000000	2.910156
5434.000000	2.949219
5435.000000	2.890625
5436.000000	2.929687
5437.000000	2.910156
5438.000000	2.910156
5439.000000	2.890625
5440.000000	2.890625
5441.000000	2.890625
5442.000000	2.949219
5443.000000	2.890625
5444.000000	2.890625
5445.000000	2.968750
5446.000000	2.910156
5447.000000	2.949219
5448.000000	2.968750
5449.000000	2.949219
5450.000000	2.968750
5451.000000	2.988281
5452.000000	2.968750
5453.000000	3.007812
5454.000000	2.949219
5455.000000	2.968750
5456.000000	2.968750
5457.000000	2.949219
5458.000000	2.988281
5459.000000	2.949219
5460.000000	2.968750
5461.000000	2.988281
5462.000000	2.968750
5463.000000	2.968750
5464.000000	3.007812
5465.000000	2.949219
5466.000000	3.007812
5467.000000	2.988281
5468.000000	2.968750
5469.000000	3.007812
5470.000000	2.968750
5471.000000	3.007812
5472.000000	2.968750
5473.000000	2.968750
5474.000000	2.949219
5475.000000	2.929687
5476.000000	2.968750
5477.000000	2.968750
5478.000000	2.929687
5479.000000	2.988281
5480.000000	2.890625
5481.000000	2.968750
5482.000000	2.929687
5483.000000	2.910156
5484.000000	2.929687
5485.000000	2.910156
5486.000000	2.929687
5487.000000	2.910156
5488.000000	2.929687
5489.000000	2.949219
5490.000000	2.929687
5491.000000	2.929687
5492.000000	2.929687
5493.000000	2.871094
5494.000000	2.910156
5495.000000	2.929687
5496.000000	2.890625
5497.000000	2.890625
5498.000000	2.910156
5499.000000	2.910156
5500.000000	2.910156
5501.000000	2.871094
5502.000000	2.910156
5503.000000	2.929687
5504.000000	2.929687
5505.000000	2.910156
5506.000000	2.890625
5507.000000	2.890625
5508.000000	2.890625
5509.000000	2.910156
5510.000000	2.910156
5511.000000	2.910156
5512.000000	2.910156
5513.000000	2.910156
5514.000000	2.910156
5515.000000	2.910156
5516.000000	2.871094
5517.000000	2.910156
5518.000000	2.890625
5519.000000	2.871094
5520.000000	2.929687
5521.000000	2.890625
5522.000000	2.910156
5523.000000	2.890625
5524.000000	2.890625
5525.000000	2.910156
5526.000000	2.910156
5527.000000	2.871094
5528.000000	2.890625
5529.000000	2.851562
5530.000000	2.871094
5531.000000	2.890625
5532.000000	2.890625
5533.000000	2.949219
5534.000000	2.929687
5535.000000	2.890625
5536.000000	2.890625
5537.000000	2.871094
5538.000000	2.890625
5539.000000	2.890625
5540.000000	2.871094
5541.000000	2.910156
5542.000000	2.871094
5543.000000	2.871094
5544.000000	2.890625
5545.000000	2.832031
5546.000000	2.890625
5547.000000	2.871094
5548.000000	2.871094
5549.000000	2.890625
5550.000000	2.851562
5551.000000	2.851562
5552.000000	2.910156
5553.000000	2.890625
5554.000000	2.890625
5555.000000	2.890625
5556.000000	2.851562
5557.000000	2.890625
5558.000000	2.851562
5559.000000	2.871094
5560.000000	2.890625
5561.000000	2.871094
5562.000000	2.949219
5563.000000	2.910156
5564.000000	2.890625
5565.000000	2.910156
5566.000000	2.871094
5567.000000	2.949219
5568.000000	2.871094
5569.000000	2.890625
5570.000000	2.929687
5571.000000	2.871094
5572.000000	2.949219
5573.000000	2.910156
5574.000000	2.929687
5575.000000	2.910156
5576.000000	2.910156
5577.000000	2.890625
5578.000000	2.929687
5579.000000	2.890625
5580.000000	2.949219
5581.000000	2.968750
5582.000000	2.929687
5583.000000	2.929687
5584.000000	2.929687
5585.000000	2.929687
5586.000000	2.968750
5587.000000	2.968750
5588.000000	2.988281
5589.000000	2.988281
5590.000000	2.988281
5591.000000	2.968750
5592.000000	2.968750
5593.000000	2.929687
5594.000000	2.968750
5595.000000	2.949219
5596.000000	2.929687
5597.000000	2.968750
5598.000000	2.968750
5599.000000	2.949219
5600.000000	2.988281
5601.000000	2.988281
5602.000000	2.968750
5603.000000	2.988281
5604.000000	2.988281
5605.000000	2.968750
5606.000000	2.988281
5607.000000	2.949219
5608.000000	2.988281
5609.000000	3.046875
5610.000000	2.988281
5611.000000	2.988281
5612.000000	2.968750
5613.000000	2.968750
5614.000000	2.949219
5615.000000	2.929687
5616.000000	2.968750
5617.000000	2.968750
5618.000000	2.929687
5619.000000	2.988281
5620.000000	2.949219
5621.000000	2.929687
5622.000000	2.949219
5623.000000	2.949219
5624.000000	2.929687
5625.000000	2.929687
5626.000000	2.910156
5627.000000	2.910156
5628.000000	2.890625
5629.000000	2.871094
5630.000000	2.910156
5631.000000	2.871094
5632.000000	2.851562
5633.000000	2.910156
5634.000000	2.910156
5635.000000	2.871094
5636.000000	2.890625
5637.000000	2.851562
5638.000000	2.871094
5639.000000	2.890625
5640.000000	2.851562
5641.000000	2.890625
5642.000000	2.851562
5643.000000	2.792969
5644.000000	2.871094
5645.000000	2.832031
5646.000000	2.890625
5647.000000	2.871094
5648.000000	2.851562
5649.000000	2.871094
5650.000000	2.890625
5651.000000	2.871094
5652.000000	2.929687
5653.000000	2.890625
5654.000000	2.910156
5655.000000	2.871094
5656.000000	2.890625
5657.000000	2.949219
5658.000000	2.929687
5659.000000	2.910156
5660.000000	2.929687
5661.000000	2.949219
5662.000000	2.929687
5663.000000	2.929687
5664.000000	2.929687
5665.000000	2.988281
5666.000000	2.929687
5667.000000	2.890625
5668.000000	2.929687
5669.000000	2.910156
5670.000000	2.949219
5671.000000	2.929687
5672.000000	2.949219
5673.000000	2.988281
5674.000000	2.929687
5675.000000	2.968750
5676.000000	2.929687
5677.000000	2.910156
5678.000000	2.949219
5679.000000	2.910156
5680.000000	2.910156
5681.000000	2.949219
5682.000000	2.910156
5683.000000	2.929687
5684.000000	2.910156
5685.000000	2.890625
5686.000000	2.910156
5687.000000	2.851562
5688.000000	2.890625
5689.000000	2.871094
5690.000000	2.890625
5691.000000	2.910156
5692.000000	2.851562
5693.000000	2.871094
5694.000000	2.851562
5695.000000	2.851562
5696.000000	2.871094
5697.000000	2.890625
5698.000000	2.851562
5699.000000	2.890625
5700.000000	2.851562
5701.000000	2.851562
5702.000000	2.890625
5703.000000	2.871094
5704.000000	2.871094
5705.000000	2.851562
5706.000000	2.871094
5707.000000	2.890625
5708.000000	2.851562
5709.000000	2.832031
5710.000000	2.832031
5711.000000	2.812500
5712.000000	2.871094
5713.000000	2.851562
5714.000000	2.832031
5715.000000	2.832031
5716.000000	2.851562
5717.000000	2.871094
5718.000000	2.832031
5719.000000	2.910156
5720.000000	2.871094
5721.000000	2.871094
5722.000000	2.890625
5723.000000	2.851562
5724.000000	2.910156
5725.000000	2.929687
5726.000000	2.910156
5727.000000	2.968750
5728.000000	2.910156
5729.000000	2.968750
5730.000000	2.988281
5731.000000	2.968750
5732.000000	2.968750
5733.000000	2.910156
5734.000000	2.968750
5735.000000	2.968750
5736.000000	2.949219
5737.000000	3.007812
5738.000000	2.929687
5739.000000	2.988281
5740.000000	2.968750
5741.000000	2.949219
5742.000000	2.968750
5743.000000	2.949219
5744.000000	2.949219
5745.000000	3.027344
5746.000000	2.988281
5747.000000	2.988281
5748.000000	3.007812
5749.000000	2.968750
5750.000000	2.988281
5751.000000	3.007812
5752.000000	2.968750
5753.000000	3.007812
5754.000000	2.988281
5755.000000	3.007812
5756.000000	3.027344
5757.000000	2.949219
5758.000000	3.007812
5759.000000	2.968750
5760.000000	3.007812
5761.000000	3.007812
5762.000000	2.988281
5763.000000	3.027344
5764.000000	2.988281
5765.000000	3.007812
5766.000000	3.027344
5767.000000	2.968750
5768.000000	3.007812
5769.000000	2.968750
5770.000000	2.968750
5771.000000	2.988281
5772.000000	2.949219
5773.000000	2.968750
5774.000000	2.968750
5775.000000	2.968750
5776.000000	2.968750
5777.000000	2.949219
5778.000000	2.949219
5779.000000	2.949219
5780.000000	2.949219
5781.000000	2.929687
5782.000000	2.890625
5783.000000	2.929687
5784.000000	2.871094
5785.000000	2.871094
5786.000000	2.929687
5787.000000	2.890625
5788.000000	2.910156
5789.000000	2.910156
5790.000000	2.890625
5791.000000	2.949219
5792.000000	2.910156
5793.000000	2.910156
5794.000000	2.910156
5795.000000	2.890625
5796.000000	2.910156
5797.000000	2.949219
5798.000000	2.890625
5799.000000	2.890625
5800.000000	2.890625
5801.000000	2.890625
5802.000000	2.871094
5803.000000	2.871094
5804.000000	2.929687
5805.000000	2.890625
5806.000000	2.929687
5807.000000	2.890625
5808.000000	2.890625
5809.000000	2.890625
5810.000000	2.851562
5811.000000	2.871094
5812.000000	2.910156
5813.000000	2.890625
5814.000000	2.929687
5815.000000	2.871094
5816.000000	2.851562
5817.000000	2.890625
5818.000000	2.832031
5819.000000	2.832031
5820.000000	2.890625
5821.000000	2.871094
5822.000000	2.871094
5823.000000	2.910156
5824.000000	2.871094
5825.000000	2.851562
5826.000000	2.851562
5827.000000	2.871094
5828.000000	2.890625
5829.000000	2.851562
5830.000000	2.871094
5831.000000	2.890625
5832.000000	2.871094
5833.000000	2.890625
5834.000000	2.890625
5835.000000	2.851562
5836.000000	2.910156
5837.000000	2.890625
5838.000000	2.871094
5839.000000	2.929687
5840.000000	2.910156
5841.000000	2.871094
5842.000000	2.929687
5843.000000	2.910156
5844.000000	2.890625
5845.000000	2.929687
5846.000000	2.871094
5847.000000	2.871094
5848.000000	2.910156
5849.000000	2.871094
5850.000000	2.929687
5851.000000	2.871094
5852.000000	2.890625
5853.000000	2.929687
5854.000000	2.890625
5855.000000	2.929687
5856.000000	2.949219
5857.000000	2.890625
5858.000000	2.929687
5859.000000	2.949219
5860.000000	2.890625
5861.000000	2.949219
5862.000000	2.910156
5863.000000	2.929687
5864.000000	2.910156
5865.000000	2.949219
5866.000000	2.968750
5867.000000	2.929687
5868.000000	2.929687
5869.000000	2.929687
5870.000000	2.929687
5871.000000	2.910156
5872.000000	2.929687
5873.000000	2.929687
5874.000000	2.929687
5875.000000	2.949219
5876.000000	2.890625
5877.000000	2.929687
5878.000000	2.929687
5879.000000	2.929687
5880.000000	2.949219
5881.000000	2.929687
5882.000000	2.929687
5883.000000	2.929687
5884.000000	2.910156
5885.000000	2.968750
5886.000000	2.949219
5887.000000	2.949219
5888.000000	2.949219
5889.000000	2.910156
5890.000000	2.929687
5891.000000	2.949219
5892.000000	2.910156
5893.000000	2.968750
5894.000000	2.929687
5895.000000	2.910156
5896.000000	2.949219
5897.000000	2.929687
5898.000000	2.910156
5899.000000	2.968750
5900.000000	2.949219
5901.000000	2.890625
5902.000000	2.929687
5903.000000	2.929687
5904.000000	2.929687
5905.000000	2.929687
5906.000000	2.929687
5907.000000	2.949219
5908.000000	2.949219
5909.000000	2.949219
5910.000000	2.949219
5911.000000	2.968750
5912.000000	2.988281
5913.000000	2.988281
5914.000000	2.968750
5915.000000	3.007812
5916.000000	2.968750
5917.000000	2.929687
5918.000000	2.949219
5919.000000	2.929687
5920.000000	2.910156
5921.000000	2.949219
5922.000000	2.949219
5923.000000	2.929687
5924.000000	2.968750
5925.000000	2.968750
5926.000000	2.949219
5927.000000	2.949219
5928.000000	2.949219
5929.000000	2.949219
5930.000000	2.968750
5931.000000	2.949219
5932.000000	2.968750
5933.000000	2.968750
5934.000000	2.929687
5935.000000	2.949219
5936.000000	2.910156
5937.000000	2.968750
5938.000000	2.949219
5939.000000	2.929687
5940.000000	2.949219
5941.000000	2.929687
5942.000000	2.949219
5943.000000	2.968750
5944.000000	2.910156
5945.000000	2.949219
5946.000000	2.949219
5947.000000	2.929687
5948.000000	2.929687
5949.000000	2.929687
5950.000000	2.988281
5951.000000	2.988281
5952.000000	2.988281
5953.000000	2.968750
5954.000000	2.949219
5955.000000	2.949219
5956.000000	2.949219
5957.000000	2.949219
5958.000000	2.949219
5959.000000	2.949219
5960.000000	2.929687
5961.000000	2.949219
5962.000000	2.949219
5963.000000	2.910156
5964.000000	2.910156
5965.000000	2.949219
5966.000000	2.929687
5967.000000	2.988281
5968.000000	2.949219
5969.000000	2.929687
5970.000000	2.949219
5971.000000	2.910156
5972.000000	2.949219
5973.000000	2.910156
5974.000000	2.929687
5975.000000	2.949219
5976.000000	2.910156
5977.000000	2.929687
5978.000000	2.929687
5979.000000	2.929687
5980.000000	2.910156
5981.000000	2.871094
5982.000000	2.949219
5983.000000	2.949219
5984.000000	2.890625
5985.000000	2.929687
5986.000000	2.910156
5987.000000	2.890625
5988.000000	2.890625
5989.000000	2.910156
5990.000000	2.910156
5991.000000	2.890625
5992.000000	2.929687
5993.000000	2.910156
5994.000000	2.910156
5995.000000	2.929687
5996.000000	2.890625
5997.000000	2.890625
5998.000000	2.929687
5999.000000	2.851562
6000.000000	2.910156
6001.000000	2.890625
6002.000000	2.871094
6003.000000	2.871094
6004.000000	2.890625
6005.000000	2.929687
6006.000000	2.890625
6007.000000	2.929687
6008.000000	2.929687
6009.000000	2.871094
6010.000000	2.871094
6011.000000	2.871094
6012.000000	2.871094
6013.000000	2.910156
6014.000000	2.890625
6015.000000	2.890625
6016.000000	2.929687
6017.000000	2.929687
6018.000000	2.910156
6019.000000	2.890625
6020.000000	2.910156
6021.000000	2.929687
6022.000000	2.910156
6023.000000	2.910156
6024.000000	2.910156
6025.000000	2.871094
6026.000000	2.929687
6027.000000	2.910156
6028.000000	2.929687
6029.000000	2.929687
6030.000000	2.890625
6031.000000	2.890625
6032.000000	2.871094
6033.000000	2.929687
6034.000000	2.910156
6035.000000	2.910156
6036.000000	2.910156
6037.000000	2.929687
6038.000000	2.890625
6039.000000	2.890625
6040.000000	2.890625
6041.000000	2.890625
6042.000000	2.910156
6043.000000	2.929687
6044.000000	2.910156
6045.000000	2.949219
6046.000000	2.890625
6047.000000	2.890625
6048.000000	2.929687
6049.000000	2.890625
6050.000000	2.929687
6051.000000	2.910156
6052.000000	2.890625
6053.000000	2.910156
6054.000000	2.910156
6055.000000	2.910156
6056.000000	2.929687
6057.000000	2.890625
6058.000000	2.910156
6059.000000	2.929687
6060.000000	2.910156
6061.000000	2.929687
6062.000000	2.910156
6063.000000	2.929687
6064.000000	2.929687
6065.000000	2.890625
6066.000000	2.890625
6067.000000	2.890625
6068.000000	2.890625
6069.000000	2.890625
6070.000000	2.890625
6071.000000	2.871094
6072.000000	2.910156
6073.000000	2.910156
6074.000000	2.871094
6075.000000	2.910156
6076.000000	2.871094
6077.000000	2.890625
6078.000000	2.871094
6079.000000	2.890625
6080.000000	2.910156
6081.000000	2.929687
6082.000000	2.910156
6083.000000	2.949219
6084.000000	2.910156
6085.000000	2.929687
6086.000000	2.949219
6087.000000	2.910156
6088.000000	2.949219
6089.000000	2.910156
6090.000000	2.890625
6091.000000	2.949219
6092.000000	2.890625
6093.000000	2.871094
6094.000000	2.929687
6095.000000	2.890625
6096.000000	2.910156
6097.000000	2.929687
6098.000000	2.890625
6099.000000	2.910156
6100.000000	2.890625
6101.000000	2.910156
6102.000000	2.929687
6103.000000	2.871094
6104.000000	2.890625
6105.000000	2.910156
6106.000000	2.910156
6107.000000	2.929687
6108.000000	2.929687
6109.000000	2.910156
6110.000000	2.910156
6111.000000	2.910156
6112.000000	2.910156
6113.000000	2.910156
6114.000000	2.871094
6115.000000	2.890625
6116.000000	2.871094
6117.000000	2.910156
6118.000000	2.910156
6119.000000	2.890625
6120.000000	2.890625
6121.000000	2.910156
6122.000000	2.910156
6123.000000	2.890625
6124.000000	2.929687
6125.000000	2.910156
6126.000000	2.910156
6127.000000	2.871094
6128.000000	2.871094
6129.000000	2.910156
6130.000000	2.910156
6131.000000	2.871094
6132.000000	2.890625
6133.000000	2.890625
6134.000000	2.871094
6135.000000	2.929687
6136.000000	2.890625
6137.000000	2.890625
6138.000000	2.890625
6139.000000	2.890625
6140.000000	2.910156
6141.000000	2.890625
6142.000000	2.910156
6143.000000	2.929687
6144.000000	2.929687
6145.000000	2.910156
6146.000000	2.949219
6147.000000	2.929687
6148.000000	2.968750
6149.000000	2.929687
6150.000000	2.968750
6151.000000	2.949219
6152.000000	2.949219
6153.000000	2.949219
6154.000000	2.968750
6155.000000	2.949219
6156.000000	2.968750
6157.000000	2.968750
6158.000000	2.949219
6159.000000	2.968750
6160.000000	2.968750
6161.000000	2.968750
6162.000000	2.988281
6163.000000	2.929687
6164.000000	2.988281
6165.000000	2.949219
6166.000000	2.968750
6167.000000	2.949219
6168.000000	2.968750
6169.000000	3.027344
6170.000000	3.007812
6171.000000	2.988281
6172.000000	2.988281
6173.000000	2.968750
6174.000000	3.007812
6175.000000	2.988281
