SpectrumName : 100.SPC
XUnit        : 
YUnit        : 
Length       : 1024
SubSpcNum    : 1
StartSubSpc  : 0
StopSubSpc   : 0
Comment      : 
Realtime     : 184.677
Livetime     : 180.000
Deadtime     : 4.677
Starttime    : 31.08.2015 09:26:59
Stoptime     : 31.08.2015 09:30:04
CalibCoeff   : a=0.000000000E+000 b=0.000000000E+000 c=0.000000000E+000 d=0.000000000E+000
SpectrumText : 0 
0,0,0,0,0,0,0,0
0,0,0,0,0,0,0,0
0,0,0,0,0,0,0,0
0,0,0,0,0,0,0,0
0,0,0,0,0,0,0,0
0,0,0,0,0,1,10,14
9,8,11,13,14,10,10,16
14,14,6,10,12,10,14,14
13,9,9,16,5,9,11,16
13,16,11,12,13,13,12,15
2,14,10,11,13,16,14,12
12,16,8,14,11,12,8,9
20,17,18,10,12,17,15,16
19,13,14,15,19,14,13,18
16,11,23,16,12,12,16,17
15,24,28,32,23,24,26,21
25,26,32,26,31,31,32,31
32,39,32,38,47,43,56,48
57,58,51,59,62,63,55,55
73,66,85,74,95,74,92,90
110,132,129,120,119,133,131,138
153,139,175,149,152,159,169,184
160,159,161,165,171,148,193,144
189,159,165,173,148,185,152,150
165,152,151,141,153,121,134,140
128,115,128,119,145,133,131,143
143,136,142,164,146,151,190,181
164,182,203,213,176,203,224,194
209,214,223,229,237,274,248,245
268,275,279,263,264,270,264,264
281,270,289,227,269,271,275,264
278,218,223,225,216,221,208,201
210,176,168,179,150,159,153,148
143,115,138,111,108,127,146,128
110,126,124,132,138,137,122,120
142,139,138,141,166,162,173,193
146,168,182,185,183,181,168,163
173,178,141,157,165,155,155,147
131,142,128,101,134,104,99,102
87,96,87,72,77,70,58,60
53,34,43,42,36,31,26,28
25,19,18,16,9,11,9,9
13,7,8,10,8,2,5,9
4,6,2,2,8,2,6,4
1,3,1,2,3,1,3,2
3,4,5,2,2,5,8,1
4,5,0,5,2,4,5,0
4,3,5,0,8,8,3,7
4,5,4,6,1,4,7,4
7,6,8,8,7,9,3,6
5,3,7,7,6,6,18,9
13,7,10,16,16,16,17,11
13,24,17,13,21,14,22,33
31,32,33,24,32,47,44,55
55,57,69,71,87,84,89,94
82,102,120,134,132,160,146,142
141,172,194,180,176,196,181,151
206,193,200,199,187,194,169,187
139,164,181,145,134,141,116,105
112,102,87,99,84,72,59,73
54,38,39,40,28,33,27,21
19,17,14,14,9,10,15,5
4,6,4,3,4,4,3,1
2,2,1,3,1,2,0,0
0,0,1,0,0,0,1,1
0,0,0,0,0,0,0,1
0,0,0,0,0,0,0,1
0,0,0,0,1,1,0,0
1,0,0,0,0,0,0,0
0,0,0,0,0,0,0,0
0,1,1,0,0,0,0,0
0,1,0,0,0,1,0,0
1,0,0,0,0,0,0,0
0,0,0,0,0,0,0,0
0,0,0,0,0,0,0,0
0,0,0,0,0,0,0,0
0,0,0,0,0,0,0,0
0,0,0,0,0,0,0,0
0,0,0,0,0,1,0,0
0,0,0,0,0,0,0,0
0,0,0,0,0,0,0,0
0,0,1,0,0,0,0,0
0,0,0,0,0,0,0,0
0,0,0,1,0,0,0,0
0,0,0,0,0,0,0,0
0,0,0,0,0,0,0,1
0,0,0,0,0,0,0,0
0,0,0,0,0,0,0,0
0,0,0,0,0,0,0,0
0,0,0,0,1,0,0,0
0,0,0,0,0,0,0,1
0,0,0,0,0,0,0,0
0,0,0,0,0,0,0,0
0,0,0,0,0,0,0,0
0,0,0,0,0,0,0,1
0,0,0,0,0,0,0,0
0,0,0,0,0,0,0,0
0,0,0,0,0,0,0,0
0,0,0,0,0,0,0,0
0,0,0,0,0,0,0,0
0,0,0,0,0,0,0,0
0,0,0,0,0,0,0,0
0,0,0,0,0,0,0,0
0,0,0,0,0,0,0,0
0,0,0,0,0,0,0,0
0,0,0,0,0,0,0,0
0,0,0,0,0,0,0,0
0,0,0,0,1,0,0,0
0,0,0,0,0,0,0,0
0,0,0,0,0,0,0,0
0,0,0,0,0,0,0,0
0,0,0,0,0,0,0,0
0,0,0,0,0,0,0,0
0,0,0,0,0,0,0,0
0,0,0,0,0,0,0,0
0,0,0,0,0,0,0,0
0,0,0,0,0,0,0,0
0,0,0,0,0,0,0,0
0,0,0,0,0,0,0,0
0,0,0,0,0,0,0,0
0,0,0,0,0,0,0,0
0,0,0,0,0,0,0,0
0,0,0,0,0,0,0,0
0,0,0,0,0,0,0,0
0,0,0,0,0,0,0,0
0,0,0,0,0,0,0,0
0,0,0,0,0,0,0,0
0,0,0,0,0,0,0,0
