SpectrumName : 125.SPC
XUnit        : 
YUnit        : 
Length       : 1024
SubSpcNum    : 1
StartSubSpc  : 0
StopSubSpc   : 0
Comment      : 
Realtime     : 184.568
Livetime     : 180.000
Deadtime     : 4.568
Starttime    : 31.08.2015 09:41:31
Stoptime     : 31.08.2015 09:44:36
CalibCoeff   : a=0.000000000E+000 b=0.000000000E+000 c=0.000000000E+000 d=0.000000000E+000
SpectrumText : 0 
0,0,0,0,0,0,0,0
0,0,0,0,0,0,0,0
0,0,0,0,0,0,0,0
0,0,0,0,0,0,0,0
0,0,0,0,0,0,0,0
0,0,0,0,0,2,8,8
12,11,11,15,9,13,10,12
21,8,19,12,7,12,16,13
9,18,12,14,15,12,17,20
10,21,10,14,17,18,19,11
20,23,19,19,13,22,15,22
10,15,16,19,18,14,19,24
32,20,18,26,25,20,24,25
17,34,33,30,27,37,29,30
34,33,39,46,45,52,31,56
59,69,60,89,71,86,69,81
83,73,87,87,123,104,110,114
112,140,114,141,154,147,147,132
142,136,137,157,152,145,165,151
165,153,146,163,156,159,134,149
167,122,165,141,155,149,169,126
153,131,134,129,126,117,130,136
160,140,139,125,118,131,126,113
123,129,138,160,150,160,161,178
177,170,211,181,190,197,220,219
227,222,244,249,250,257,241,261
276,259,274,276,254,283,248,261
267,268,259,248,234,246,228,252
238,203,228,208,228,195,170,189
190,147,148,183,155,146,168,135
147,134,126,130,119,119,110,136
127,139,115,119,115,130,113,159
145,152,160,167,155,156,158,157
157,160,167,172,173,158,159,169
173,150,172,176,172,146,137,139
154,111,131,111,114,120,128,89
78,87,89,69,64,47,60,43
40,42,47,48,35,36,22,21
20,19,12,16,21,15,9,11
9,7,9,6,7,5,8,6
6,6,3,2,9,2,6,6
3,5,3,2,4,4,5,3
3,1,4,2,2,1,2,3
2,0,2,4,2,2,4,4
5,1,4,5,5,5,5,3
4,5,9,4,5,6,5,5
8,5,3,7,2,7,3,3
5,2,8,16,8,12,7,9
11,19,11,8,11,9,15,15
9,19,17,24,30,22,25,23
23,28,43,43,35,37,51,58
45,52,59,66,66,73,72,94
100,105,82,121,137,117,146,127
151,157,166,198,187,176,181,166
175,201,186,201,172,162,216,174
164,160,154,147,154,131,127,134
115,105,100,102,85,76,75,57
51,38,34,45,33,36,20,20
18,17,27,14,11,8,10,12
8,10,5,2,3,5,4,2
3,2,4,1,0,0,1,0
0,0,0,0,0,0,0,0
0,0,0,0,0,0,0,0
0,0,1,1,0,0,0,0
0,0,1,0,0,0,0,0
0,0,0,0,1,0,1,0
0,1,0,0,0,0,1,0
0,0,0,0,0,1,0,0
0,0,0,0,0,1,0,0
0,0,0,0,0,0,0,0
1,0,0,0,0,0,0,0
0,0,0,0,0,0,0,0
0,0,0,0,0,1,0,0
0,0,0,0,0,0,0,0
0,0,0,0,0,0,0,0
0,0,0,0,0,0,0,0
0,0,0,0,0,0,0,0
0,0,0,0,0,0,0,0
0,0,0,0,0,0,0,0
0,1,0,0,0,0,0,0
0,0,0,0,0,0,0,0
0,0,0,0,0,0,0,0
0,0,0,0,0,0,0,0
1,0,0,1,0,0,0,0
0,0,0,0,0,0,0,0
0,0,0,0,0,0,0,0
0,0,0,0,0,0,0,0
0,0,0,0,0,0,0,0
0,0,0,0,0,0,0,0
0,0,0,0,0,0,0,0
0,0,0,0,0,0,0,1
0,0,0,0,0,0,0,0
0,0,0,0,0,0,0,0
0,0,0,0,0,0,0,0
0,0,0,0,0,0,0,0
0,0,0,0,0,0,0,0
0,0,0,0,0,0,0,0
0,0,0,0,0,0,0,0
0,0,0,0,0,0,0,0
0,0,0,0,0,0,0,0
0,0,0,0,0,0,0,0
0,0,0,0,0,0,0,0
0,0,0,0,0,0,0,0
0,0,0,0,0,0,0,0
0,0,0,0,0,0,0,1
1,0,0,0,0,0,0,0
0,0,0,0,0,0,0,0
0,0,0,0,0,0,0,0
0,0,0,0,0,0,0,0
0,0,0,0,0,0,0,0
0,0,0,0,0,0,0,0
0,0,0,0,0,0,0,0
0,0,0,0,0,0,0,0
0,0,0,0,0,0,0,0
0,0,0,0,0,0,0,0
0,0,0,0,0,0,0,0
0,0,0,0,0,0,0,0
0,0,0,0,0,0,0,0
0,0,0,0,0,0,0,0
0,0,0,0,0,0,0,0
0,0,0,0,0,0,0,0
0,0,0,0,0,0,0,0
0,0,0,0,0,0,0,0
0,0,0,0,0,0,0,0
0,0,0,0,0,0,0,0
0,0,0,0,0,0,0,0
0,0,0,0,0,0,0,0
0,0,0,0,0,0,0,80
