SpectrumName : 150.SPC
XUnit        : 
YUnit        : 
Length       : 1024
SubSpcNum    : 1
StartSubSpc  : 0
StopSubSpc   : 0
Comment      : 
Realtime     : 184.630
Livetime     : 180.000
Deadtime     : 4.630
Starttime    : 31.08.2015 09:50:46
Stoptime     : 31.08.2015 09:53:51
CalibCoeff   : a=0.000000000E+000 b=0.000000000E+000 c=0.000000000E+000 d=0.000000000E+000
SpectrumText : 0 
0,0,0,0,0,0,0,0
0,0,0,0,0,0,0,0
0,0,0,0,0,0,0,0
0,0,0,0,0,0,0,0
0,0,0,0,0,0,0,0
0,0,0,0,0,7,10,19
12,14,14,12,16,14,16,16
15,17,14,25,21,32,14,23
19,18,26,16,22,24,20,28
30,18,24,31,32,24,31,27
20,33,30,42,51,36,34,47
46,45,50,72,56,63,68,59
68,60,71,74,85,84,79,95
89,107,91,91,111,109,138,133
159,130,153,135,138,157,140,154
133,160,177,163,169,172,165,155
171,170,164,181,149,140,154,153
136,163,126,142,133,132,134,126
125,118,127,134,125,112,124,116
134,125,105,122,120,145,131,149
143,133,172,148,160,158,158,185
193,192,195,180,201,232,225,234
236,231,233,268,252,245,238,288
253,249,268,276,240,250,266,258
282,236,246,241,254,205,243,223
234,212,213,233,199,216,203,178
190,140,171,161,166,156,161,143
143,127,120,114,131,129,127,125
129,138,133,156,129,127,146,130
125,119,142,145,169,158,156,157
173,159,162,163,177,180,179,179
164,169,166,169,177,154,123,146
155,149,143,131,118,111,110,114
90,99,71,88,73,84,69,66
45,46,33,30,42,31,36,36
18,21,28,12,10,7,9,15
15,12,8,1,9,5,9,6
8,7,5,3,2,4,3,1
5,3,6,2,6,3,3,2
3,1,1,7,3,2,3,5
0,0,2,4,4,3,4,4
6,4,3,4,5,3,4,10
5,6,7,7,4,8,6,1
3,7,4,5,7,6,8,4
7,6,6,5,7,6,6,7
7,9,7,9,15,15,8,10
16,18,15,24,4,21,17,16
26,27,41,42,29,40,33,41
40,47,44,47,68,70,65,76
95,97,98,86,120,137,116,139
148,153,161,161,177,174,149,190
185,180,191,186,170,168,178,165
178,167,175,169,154,172,131,145
135,126,112,114,96,102,103,89
74,79,59,55,30,55,30,37
33,31,20,20,17,11,8,10
7,9,6,3,5,5,1,3
3,4,4,4,1,3,1,2
0,1,1,0,0,0,0,0
0,0,0,0,0,0,0,0
0,1,0,0,0,0,0,0
0,0,0,0,0,0,0,0
0,0,0,0,0,0,0,0
0,0,0,0,0,0,0,1
0,1,0,0,0,0,0,1
0,0,0,1,0,0,0,0
0,0,1,0,0,0,0,0
0,0,1,0,0,0,0,0
0,1,0,0,1,0,0,0
0,0,0,0,0,0,0,0
0,0,0,0,0,0,0,0
0,0,0,0,1,0,0,0
0,0,0,0,0,0,0,0
0,1,0,0,0,0,0,0
0,0,0,0,0,0,0,0
0,0,0,0,0,0,0,0
0,0,0,0,0,0,0,0
0,0,0,0,1,0,0,0
0,0,0,0,0,0,0,0
0,0,0,0,0,0,0,0
0,0,0,0,0,0,0,0
0,0,0,0,0,0,0,0
0,0,0,0,0,0,0,0
0,0,0,0,0,0,0,0
0,0,0,0,0,0,0,0
0,0,0,0,0,0,0,0
0,0,0,0,0,0,0,0
0,0,0,0,0,0,0,0
0,0,0,0,0,0,0,0
0,0,0,0,0,0,0,0
0,0,1,0,0,1,0,0
0,0,0,0,0,0,0,0
0,0,0,0,0,0,0,0
0,0,0,0,0,0,0,0
0,0,0,0,0,1,0,0
0,0,0,0,0,0,0,0
0,0,0,0,0,0,0,0
0,0,0,1,0,0,0,0
0,0,0,0,0,1,0,0
0,0,0,0,0,0,0,0
0,0,0,0,0,0,0,0
0,0,0,0,0,0,0,0
0,0,0,0,0,0,0,0
0,0,0,0,0,0,0,0
0,0,0,0,0,0,0,0
0,0,0,0,0,0,0,0
0,0,0,0,0,0,0,0
0,0,0,0,0,0,0,0
0,0,0,0,0,0,0,0
0,0,0,0,0,0,0,0
0,0,0,0,0,0,0,0
0,0,0,0,0,0,0,0
0,0,0,0,0,0,0,0
0,0,0,0,0,0,0,0
0,0,0,0,0,0,0,0
0,0,0,0,0,0,0,0
0,0,0,0,0,0,0,0
0,0,0,0,0,0,0,0
0,0,0,0,0,0,0,0
0,0,0,0,0,0,0,0
0,0,0,0,0,0,0,0
0,0,0,0,0,0,0,0
0,0,0,0,0,0,0,0
0,0,0,0,0,0,0,0
0,0,0,0,0,0,0,0
0,0,0,0,0,0,0,0
0,0,0,0,0,0,0,0
0,0,0,0,0,0,0,23
