SpectrumName : 175.SPC
XUnit        : 
YUnit        : 
Length       : 1024
SubSpcNum    : 1
StartSubSpc  : 0
StopSubSpc   : 0
Comment      : 
Realtime     : 184.551
Livetime     : 180.000
Deadtime     : 4.551
Starttime    : 31.08.2015 09:56:04
Stoptime     : 31.08.2015 09:59:09
CalibCoeff   : a=0.000000000E+000 b=0.000000000E+000 c=0.000000000E+000 d=0.000000000E+000
SpectrumText : 0 
0,0,0,0,0,0,0,0
0,0,0,0,0,0,0,0
0,0,0,0,0,0,0,0
0,0,0,0,0,0,0,0
0,0,0,0,0,0,0,0
0,0,0,0,0,4,27,27
33,34,30,33,37,27,28,38
50,47,41,50,38,47,48,44
61,42,63,72,65,71,67,85
84,87,86,89,88,98,92,110
119,103,151,108,118,142,122,131
132,131,139,125,156,144,149,145
159,162,157,155,150,129,149,154
159,124,172,136,147,148,143,158
139,119,144,128,118,131,107,134
136,118,118,112,109,111,110,122
120,106,112,133,137,145,133,136
129,152,148,138,162,172,171,165
166,203,189,185,239,188,217,220
214,223,248,245,280,228,229,226
267,258,260,256,243,229,260,263
265,236,238,241,247,228,234,226
218,210,203,195,199,178,181,192
166,182,159,149,149,142,142,127
125,131,133,113,134,122,113,109
111,113,111,120,110,137,136,124
109,141,127,139,140,161,154,189
147,152,160,158,167,178,182,171
185,158,150,180,169,153,138,129
157,141,123,137,133,109,121,108
94,97,86,75,85,81,73,54
54,55,49,35,32,38,40,26
30,31,26,21,13,19,10,20
10,14,12,8,12,8,9,9
9,6,5,8,4,4,4,3
7,3,3,1,3,2,2,2
1,1,2,4,2,4,6,4
1,4,2,7,4,4,0,3
3,9,4,3,2,1,3,9
5,1,2,3,2,8,6,4
6,7,8,4,4,5,6,8
5,9,5,9,8,4,8,5
9,5,7,12,10,8,7,13
13,16,9,17,12,16,21,16
32,12,17,20,24,14,23,31
41,39,44,44,46,49,60,48
57,65,73,73,76,99,101,112
117,137,135,126,136,152,126,148
150,185,172,180,180,189,182,199
189,174,199,206,176,193,184,146
171,147,140,125,133,117,132,114
109,92,82,78,63,65,52,43
52,41,24,41,37,27,19,22
16,18,13,8,11,11,8,6
1,10,7,5,2,4,1,1
0,1,6,2,3,0,2,1
0,0,0,0,0,0,1,0
0,0,1,0,0,0,0,0
0,0,0,1,1,0,0,0
0,0,0,0,0,0,0,0
0,0,0,0,0,0,0,0
0,0,0,0,0,0,0,0
0,1,0,0,0,0,0,0
1,0,0,0,0,0,0,0
0,0,0,0,0,1,0,1
0,0,0,0,0,0,0,0
0,0,0,0,0,0,0,1
0,0,0,0,0,0,0,0
0,0,0,0,0,0,0,0
1,0,0,0,0,0,0,0
0,0,0,0,0,0,0,0
0,0,0,0,0,0,0,1
0,0,0,0,1,0,0,0
0,0,0,0,0,0,0,0
0,0,0,0,0,0,0,0
1,0,0,0,0,0,0,0
0,0,0,0,0,0,1,0
0,0,0,0,0,0,1,0
0,0,0,0,0,0,0,0
0,0,0,0,0,0,0,0
0,0,0,0,0,0,0,0
0,0,0,0,0,0,0,0
0,0,0,0,0,0,0,0
0,0,0,0,1,0,0,0
0,0,0,0,0,0,0,0
0,0,0,0,0,0,0,0
0,0,0,0,0,0,0,0
0,0,0,0,0,0,0,0
0,0,0,0,0,0,0,0
0,0,0,0,0,0,0,0
0,0,0,0,0,0,0,0
0,0,0,0,0,0,0,0
0,0,0,0,0,0,0,0
0,0,0,0,0,0,0,0
0,0,0,0,0,0,0,0
0,0,0,0,0,0,0,0
0,0,0,0,0,0,0,0
0,0,0,0,0,0,0,0
0,0,0,0,0,0,0,0
0,0,0,0,0,0,0,0
0,0,0,0,0,0,0,0
0,0,0,0,0,0,0,0
0,0,0,0,0,0,0,0
0,0,0,0,0,0,0,0
0,0,0,0,0,0,0,0
0,0,0,0,0,0,0,0
0,0,0,0,0,0,0,0
0,0,0,0,0,0,0,0
0,0,0,0,0,0,0,0
0,0,0,0,0,0,0,0
0,0,0,0,0,0,0,0
0,0,0,0,0,0,0,0
0,0,0,0,0,0,0,0
0,0,0,0,0,0,0,0
0,0,0,0,0,0,0,0
0,0,0,0,0,0,0,0
0,0,0,0,0,0,0,0
0,0,0,0,0,1,0,0
0,0,0,1,0,0,0,0
0,0,0,0,0,0,0,0
0,0,0,0,0,0,0,0
0,0,0,0,0,0,0,0
0,0,0,0,0,0,0,0
0,0,0,0,0,0,0,0
0,0,0,0,0,0,0,0
0,0,0,0,0,0,0,0
0,0,0,0,0,0,0,0
0,0,0,0,0,0,0,23
