SpectrumName : 200.SPC
XUnit        : 
YUnit        : 
Length       : 1024
SubSpcNum    : 1
StartSubSpc  : 0
StopSubSpc   : 0
Comment      : 
Realtime     : 184.501
Livetime     : 180.000
Deadtime     : 4.501
Starttime    : 31.08.2015 10:00:21
Stoptime     : 31.08.2015 10:03:26
CalibCoeff   : a=0.000000000E+000 b=0.000000000E+000 c=0.000000000E+000 d=0.000000000E+000
SpectrumText : 0 
0,0,0,0,0,0,0,0
0,0,0,0,0,0,0,0
0,0,0,0,0,0,0,0
0,0,0,0,0,0,0,0
0,0,0,0,0,0,0,0
0,0,0,0,0,15,107,103
106,116,108,110,114,108,102,108
136,129,136,108,123,148,125,121
148,150,140,128,139,129,166,153
150,122,129,164,151,142,126,138
129,125,131,130,145,117,120,138
117,122,113,108,99,133,103,118
110,103,127,108,108,122,136,118
133,131,110,124,138,145,143,129
152,184,163,162,160,174,206,169
187,191,175,222,203,213,237,206
198,229,226,262,245,245,283,251
272,251,232,239,233,235,239,237
237,190,223,220,211,200,208,225
191,211,217,204,172,175,173,177
150,156,157,143,127,132,120,128
121,135,125,115,111,121,97,124
112,126,106,123,138,110,123,137
121,118,140,130,141,139,149,152
167,145,147,157,180,158,168,166
169,179,149,167,159,163,150,141
144,155,106,114,130,136,110,115
121,96,101,77,78,61,70,74
65,57,70,52,50,38,28,28
30,24,18,23,20,18,15,11
8,11,13,9,16,6,6,4
3,13,6,8,5,4,4,4
5,3,3,0,4,6,1,5
3,0,2,5,3,6,1,4
3,3,5,3,5,6,7,2
1,5,4,3,1,2,4,3
7,5,8,3,2,2,1,5
0,6,6,5,5,6,3,3
8,5,6,2,6,4,9,7
7,7,5,10,10,7,11,6
15,12,10,9,12,14,14,10
16,22,26,13,18,25,24,15
23,33,34,38,47,40,39,39
56,59,60,57,69,77,79,89
87,103,122,108,101,121,132,148
132,169,173,171,189,178,158,155
177,195,197,192,201,174,176,176
146,191,151,144,151,135,138,145
125,116,101,104,90,80,79,67
57,73,49,44,42,39,33,29
28,25,19,20,18,17,8,10
6,6,8,4,8,1,1,5
1,4,0,1,1,1,1,0
1,0,0,0,0,0,0,0
0,0,0,1,0,0,0,0
1,0,0,0,0,0,0,0
0,0,1,0,0,0,0,0
0,1,0,1,0,0,0,0
0,1,0,0,0,0,0,0
0,0,0,0,0,0,0,0
0,0,0,0,0,0,0,0
0,0,0,0,0,0,0,1
0,0,0,0,0,1,0,0
0,0,0,0,0,0,0,0
0,0,0,0,0,0,0,0
0,0,0,0,0,0,0,0
0,0,0,0,0,0,0,0
0,0,0,0,0,0,0,0
0,0,0,1,0,0,0,0
0,0,0,0,0,0,0,0
0,0,0,0,0,0,0,0
0,0,0,0,0,0,0,0
0,0,0,0,0,0,0,0
0,0,0,0,0,0,0,0
0,0,0,0,0,0,0,0
0,0,0,0,0,0,1,0
1,0,0,0,0,0,0,0
0,0,0,0,0,0,0,0
0,0,0,0,0,0,0,0
0,0,0,0,0,0,0,0
0,0,0,0,0,0,0,0
0,0,0,0,0,0,0,0
0,0,0,0,0,0,0,0
0,0,0,0,0,0,0,0
0,0,0,0,0,0,0,0
0,0,0,0,0,0,0,0
0,0,0,0,0,0,0,0
0,0,0,0,0,0,0,0
0,0,0,0,0,0,0,0
0,0,0,0,0,0,0,0
0,0,0,0,0,0,0,0
0,0,0,0,0,0,0,0
0,0,0,0,0,0,0,0
0,0,0,0,0,0,0,0
0,0,0,0,0,0,0,0
0,0,0,0,0,0,0,0
0,0,0,0,0,0,0,0
0,0,0,0,0,0,0,0
0,0,0,0,0,0,0,0
0,0,0,0,0,0,0,0
0,0,0,0,0,0,0,0
0,0,0,1,0,0,0,0
0,0,0,0,0,0,0,0
0,0,0,0,0,0,0,0
0,0,0,0,0,0,0,0
0,0,0,0,0,0,0,0
0,0,0,0,0,0,0,0
0,0,0,0,0,0,0,0
0,0,0,0,0,0,0,0
0,0,0,0,0,0,0,0
0,0,0,0,0,0,0,0
0,0,0,0,0,0,0,0
0,0,0,0,0,0,0,0
0,0,0,0,0,0,0,0
0,0,0,0,0,0,0,0
0,0,0,0,0,0,0,0
0,0,0,0,0,0,0,0
0,0,0,0,0,0,0,0
0,0,0,0,0,0,0,0
0,0,0,0,0,0,0,0
0,0,0,0,0,0,0,0
0,0,0,0,0,0,0,0
0,0,0,0,0,0,0,0
0,0,0,0,0,0,0,0
0,0,0,0,0,0,0,0
0,0,0,0,0,0,0,0
0,0,0,0,0,0,0,0
0,0,0,0,0,0,0,80
