SpectrumName : 225.SPC
XUnit        : 
YUnit        : 
Length       : 1024
SubSpcNum    : 1
StartSubSpc  : 0
StopSubSpc   : 0
Comment      : 
Realtime     : 184.269
Livetime     : 180.000
Deadtime     : 4.269
Starttime    : 31.08.2015 10:06:22
Stoptime     : 31.08.2015 10:09:26
CalibCoeff   : a=0.000000000E+000 b=0.000000000E+000 c=0.000000000E+000 d=0.000000000E+000
SpectrumText : 0 
0,0,0,0,0,0,0,0
0,0,0,0,0,0,0,0
0,0,0,0,0,0,0,0
0,0,0,0,0,0,0,0
0,0,0,0,0,0,0,0
0,0,0,0,0,21,126,145
112,137,150,130,122,134,112,124
119,96,114,103,103,104,109,96
94,110,92,105,84,110,98,115
106,106,115,114,104,119,120,106
110,134,139,149,134,143,136,160
167,157,168,159,184,186,180,204
189,208,192,219,192,188,201,217
210,231,232,241,216,226,248,236
243,203,225,248,259,237,231,210
212,204,223,220,185,217,211,178
194,164,185,179,175,187,149,184
136,156,131,127,125,133,129,108
127,119,132,131,106,119,98,105
127,122,100,106,96,121,133,129
114,109,118,146,140,134,149,156
153,144,126,150,139,157,161,164
154,152,150,143,146,146,130,131
147,140,149,159,149,123,124,118
98,116,95,103,90,68,69,80
64,63,58,51,39,45,40,53
31,20,24,29,20,23,15,23
12,20,14,10,7,16,6,7
8,7,11,2,5,7,7,3
3,2,6,7,4,5,2,3
4,0,4,1,2,4,3,6
3,2,2,3,2,1,5,5
8,1,1,1,5,2,5,4
3,4,3,3,6,5,3,2
7,7,2,6,5,3,3,6
3,8,6,6,3,7,7,6
11,4,9,8,9,4,7,5
13,7,8,6,11,2,15,13
14,9,14,7,22,17,21,21
21,21,28,29,28,39,39,27
37,43,44,51,56,58,69,80
71,80,80,103,85,107,110,115
115,120,135,140,139,153,167,151
134,170,167,148,167,165,168,186
168,165,153,167,156,156,147,147
159,134,130,118,133,102,117,86
89,82,78,76,67,64,38,36
38,34,32,32,33,16,15,15
17,12,14,7,8,7,12,5
4,6,4,2,4,3,3,2
0,1,2,2,0,1,0,0
1,0,0,0,0,0,0,1
1,0,0,0,0,1,0,0
0,0,0,0,0,0,1,0
0,0,0,0,0,0,0,0
0,0,0,0,0,0,0,0
0,0,0,0,0,0,0,0
0,0,0,0,1,0,0,0
0,0,1,0,0,0,0,0
0,0,0,0,0,0,0,0
0,0,0,0,0,0,0,0
1,0,0,0,0,0,0,0
0,0,0,0,1,0,0,1
0,0,0,0,0,0,0,0
0,0,0,0,0,0,0,0
0,0,0,0,0,0,0,0
0,0,0,0,0,0,0,0
0,0,0,0,0,1,0,0
0,0,0,0,0,0,0,0
0,1,0,0,0,0,0,0
0,0,0,0,0,0,0,0
0,0,0,0,0,0,0,0
0,0,0,0,0,0,0,0
0,0,0,0,0,0,0,0
0,0,0,0,0,0,0,0
0,0,0,0,0,0,0,0
0,0,0,0,0,0,0,0
0,0,0,0,0,0,0,0
0,0,0,0,0,0,0,0
0,0,0,0,0,0,0,0
0,0,0,1,0,0,0,0
0,0,0,0,0,0,0,0
0,0,0,0,0,0,0,0
0,0,0,0,0,0,0,0
0,0,0,0,0,0,0,0
0,0,0,0,0,0,0,0
0,0,0,0,0,0,0,0
0,0,0,0,0,0,0,0
0,0,0,0,0,0,0,0
0,0,0,0,0,0,0,0
0,0,0,0,0,0,0,0
0,0,0,0,0,0,0,0
0,0,0,0,0,0,0,0
0,0,0,0,0,0,0,0
0,0,0,0,0,0,0,0
0,0,0,0,0,0,0,0
0,0,0,0,0,0,0,0
0,0,0,0,0,0,0,0
0,0,0,0,0,0,0,0
0,0,0,0,0,0,0,0
0,0,0,0,0,0,0,0
0,0,0,0,0,0,0,0
0,0,0,0,0,0,0,0
0,0,0,0,0,0,0,0
0,0,0,0,0,0,0,0
0,0,0,0,0,0,0,0
0,0,0,0,0,0,0,0
0,0,0,0,0,0,0,0
0,0,0,0,0,0,0,0
0,0,0,0,0,0,0,0
0,0,0,0,0,0,0,0
0,0,0,0,0,0,0,0
0,0,0,0,0,0,0,0
0,0,0,0,0,0,0,0
0,0,0,0,0,0,0,0
0,0,0,0,0,0,0,0
0,0,0,0,0,0,0,0
0,0,0,0,0,0,0,0
0,0,0,0,0,0,0,0
0,0,0,0,0,0,0,0
0,0,0,0,0,0,0,0
0,0,0,0,0,0,0,0
0,0,0,0,0,0,0,0
0,0,0,0,0,0,0,0
0,0,0,0,0,0,0,0
0,0,0,0,0,0,0,0
0,0,0,0,0,0,0,0
0,0,0,0,0,0,0,23
