SpectrumName : 250.SPC
XUnit        : 
YUnit        : 
Length       : 1024
SubSpcNum    : 1
StartSubSpc  : 0
StopSubSpc   : 0
Comment      : 
Realtime     : 183.830
Livetime     : 180.000
Deadtime     : 3.830
Starttime    : 31.08.2015 10:11:12
Stoptime     : 31.08.2015 10:14:16
CalibCoeff   : a=0.000000000E+000 b=0.000000000E+000 c=0.000000000E+000 d=0.000000000E+000
SpectrumText : 0 
0,0,0,0,0,0,0,0
0,0,0,0,0,0,0,0
0,0,0,0,0,0,0,0
0,0,0,0,0,0,0,0
0,0,0,0,0,0,0,0
0,0,0,0,0,11,109,103
95,86,114,119,134,126,142,137
137,159,132,146,164,145,146,183
168,156,183,188,175,207,194,187
179,212,215,202,203,213,209,223
241,212,203,230,216,188,228,213
206,190,230,216,216,204,203,197
187,190,174,174,174,196,177,162
167,176,175,143,150,144,145,147
147,120,119,128,99,135,115,89
88,101,109,96,113,105,102,109
94,102,119,114,123,121,92,121
126,122,121,138,138,154,122,136
161,148,149,160,161,146,147,156
183,127,174,155,150,171,140,147
156,140,108,135,142,106,101,101
103,79,92,94,82,69,68,67
48,57,64,54,41,47,33,36
32,33,30,24,24,23,14,5
19,10,9,14,11,7,16,9
8,2,10,8,3,1,1,2
1,5,2,0,5,4,7,1
8,1,4,3,3,2,2,3
5,6,2,4,6,3,3,6
3,4,1,8,5,4,8,5
5,6,8,2,3,2,6,9
4,6,1,5,3,5,5,4
1,2,7,7,2,6,8,8
7,8,6,7,5,5,4,7
9,6,10,12,8,7,9,7
15,8,17,15,17,18,15,19
23,18,22,31,27,31,32,33
35,46,39,37,42,60,60,66
62,56,69,69,90,84,102,109
90,119,132,130,120,137,157,151
163,198,161,196,186,183,201,177
164,158,158,162,172,162,159,153
147,126,153,152,129,137,132,103
82,100,95,82,78,61,66,59
55,49,53,41,28,33,24,22
21,18,20,17,14,9,10,13
5,6,5,6,2,6,2,3
3,1,1,2,2,1,2,0
0,1,1,0,0,0,0,0
0,0,0,0,0,0,0,0
0,0,0,1,0,0,0,0
1,0,0,0,0,0,0,0
0,0,0,0,0,0,0,0
0,0,0,0,0,0,0,0
0,0,0,0,0,0,1,0
0,0,0,0,0,0,0,0
0,1,1,0,0,0,0,0
0,0,0,0,0,0,0,0
0,0,0,0,0,0,0,0
0,0,0,0,0,1,0,0
0,1,0,0,0,0,0,0
0,0,0,0,0,0,0,0
0,0,1,0,0,0,0,0
0,0,0,0,0,0,0,0
0,0,0,0,0,0,0,0
0,0,0,0,0,0,0,0
0,0,0,0,0,0,0,0
0,0,0,0,0,0,0,0
0,0,0,0,0,0,0,0
0,0,0,0,0,0,0,0
0,0,0,0,0,0,0,0
0,0,0,0,0,0,0,0
0,0,0,0,0,0,0,0
0,0,0,0,0,0,0,0
0,0,0,0,0,0,0,0
0,0,0,0,0,0,0,0
0,0,0,0,0,0,0,0
0,0,0,0,0,0,0,0
0,0,0,0,0,0,0,0
0,0,0,0,0,0,0,0
0,0,0,0,0,0,0,0
0,0,0,0,0,0,0,0
0,0,0,0,0,0,0,0
0,0,0,0,0,0,0,0
0,0,0,0,0,0,0,0
0,0,0,0,0,0,0,0
0,0,0,0,0,0,0,0
0,0,0,0,0,0,0,0
0,0,0,0,0,0,0,0
0,0,0,0,0,0,0,0
0,0,0,0,0,0,0,0
0,0,0,0,0,0,0,0
0,0,0,0,0,0,0,0
0,0,0,0,0,0,0,0
0,0,0,0,0,0,0,0
0,0,0,0,0,0,0,0
0,0,0,0,0,0,0,0
0,0,0,0,0,0,0,0
0,0,0,0,0,0,0,0
0,0,0,0,0,0,0,0
0,0,0,0,0,0,0,0
0,0,0,0,0,0,0,0
0,0,0,0,0,0,0,0
0,0,0,0,0,0,0,0
0,0,0,0,0,0,0,0
0,0,0,0,0,0,0,0
0,0,0,0,0,0,0,0
0,0,0,0,0,0,0,0
0,0,0,0,0,0,0,0
0,0,0,0,0,0,0,0
0,0,0,0,0,0,0,0
0,0,0,0,0,0,0,0
0,0,0,0,0,0,0,0
0,0,0,0,0,0,0,0
0,0,0,0,0,0,0,0
0,0,0,0,0,0,0,0
0,0,0,0,0,0,0,0
0,0,0,0,0,0,0,0
0,0,0,0,0,0,0,0
0,0,0,0,0,0,0,0
0,0,0,0,0,0,0,0
0,0,0,0,0,0,0,0
0,0,0,0,0,0,0,0
0,0,0,0,0,0,0,0
0,0,0,0,0,0,0,0
0,0,0,0,0,0,0,0
0,0,0,0,0,0,0,0
0,0,0,0,0,0,0,100
