SpectrumName : 275.SPC
XUnit        : 
YUnit        : 
Length       : 1024
SubSpcNum    : 1
StartSubSpc  : 0
StopSubSpc   : 0
Comment      : 
Realtime     : 183.356
Livetime     : 180.000
Deadtime     : 3.356
Starttime    : 31.08.2015 10:15:44
Stoptime     : 31.08.2015 10:18:47
CalibCoeff   : a=0.000000000E+000 b=0.000000000E+000 c=0.000000000E+000 d=0.000000000E+000
SpectrumText : 0 
0,0,0,0,0,0,0,0
0,0,0,0,0,0,0,0
0,0,0,0,0,0,0,0
0,0,0,0,0,0,0,0
0,0,0,0,0,0,0,0
0,0,0,0,0,38,192,180
200,187,193,198,208,190,186,184
180,174,197,191,189,193,192,175
175,195,179,182,170,186,168,181
181,168,168,152,153,131,115,121
138,153,123,112,132,100,135,106
101,113,119,116,84,112,115,105
87,113,115,101,88,83,102,109
118,97,94,103,117,114,122,114
124,130,131,130,134,141,143,143
151,146,149,153,154,162,148,142
141,154,133,146,143,108,138,133
112,126,101,100,114,97,102,84
68,74,88,82,77,65,74,63
49,48,54,34,46,38,43,27
27,20,21,26,20,14,12,16
14,15,14,6,15,6,8,8
6,7,2,9,4,7,1,6
4,3,7,5,4,2,4,1
4,6,4,5,0,1,2,3
2,4,4,1,5,1,5,3
4,2,3,2,3,3,9,3
5,5,5,4,3,6,6,8
6,3,4,5,2,3,1,5
5,5,4,3,5,6,11,12
7,7,5,5,7,7,8,14
8,5,12,8,7,12,11,17
11,5,13,10,15,15,20,22
16,19,28,16,26,16,28,23
28,25,33,28,35,45,47,47
41,84,69,69,79,83,89,98
99,109,109,97,118,123,120,125
140,131,144,150,139,166,138,182
181,162,179,178,187,162,147,164
182,143,156,122,140,137,134,128
115,124,95,104,115,90,85,56
68,69,55,52,50,41,25,47
29,24,18,26,11,18,13,7
14,11,5,7,5,9,6,3
5,2,3,3,3,3,2,0
0,0,0,0,1,0,0,0
0,0,0,1,0,0,0,0
0,1,0,0,0,0,0,1
0,0,0,0,1,0,0,0
0,0,1,0,0,0,0,0
0,0,0,0,0,0,0,0
0,0,0,0,0,0,0,0
0,0,0,0,0,0,0,0
0,0,0,0,0,0,0,0
0,0,0,0,0,0,0,0
0,0,0,0,0,0,0,0
0,0,0,0,0,0,0,0
0,0,0,0,0,0,0,0
0,0,0,0,0,0,0,0
0,0,0,0,0,0,0,0
0,0,0,0,0,0,0,0
1,0,0,0,0,0,0,0
0,0,0,0,0,0,0,0
0,0,0,0,0,0,0,0
0,0,0,0,0,0,0,0
0,0,0,0,0,0,0,0
0,0,0,0,0,0,0,0
0,0,0,0,0,0,0,0
0,0,0,0,0,0,0,0
0,0,0,0,0,0,0,0
0,0,0,0,0,0,0,0
0,0,0,0,0,0,0,0
0,0,0,0,0,0,0,0
0,0,0,0,0,0,0,0
0,0,0,0,0,0,0,0
0,0,0,0,0,0,0,0
0,0,0,0,0,0,0,0
0,0,0,0,0,0,0,0
0,0,0,0,0,0,0,0
0,0,0,0,0,0,0,0
0,0,0,0,0,0,0,0
0,0,0,0,0,0,0,0
0,0,0,0,0,0,0,0
0,0,0,0,0,0,0,0
0,0,0,0,0,0,0,0
0,0,0,0,0,0,0,0
0,0,0,0,0,0,0,0
0,0,0,0,0,0,0,0
0,0,0,0,0,0,0,0
0,0,0,0,0,0,0,0
0,0,0,0,0,0,0,0
0,0,0,0,0,0,0,0
0,0,0,0,0,0,0,0
0,0,0,0,0,0,0,0
0,0,0,0,0,0,0,0
0,0,0,0,0,0,0,0
0,0,0,0,0,0,0,0
0,0,0,0,0,0,0,0
0,0,0,0,0,0,0,0
0,0,0,0,0,0,0,0
0,0,0,0,0,0,0,0
0,0,0,0,0,0,0,0
0,0,0,0,0,0,0,0
0,0,0,0,0,0,0,0
0,0,0,0,0,0,0,0
0,0,0,0,0,0,0,0
0,0,0,0,0,0,0,0
0,0,0,0,0,0,0,0
0,0,0,0,0,0,0,0
0,0,0,0,0,0,0,0
0,0,0,0,0,0,0,0
0,0,0,0,0,0,0,0
0,0,0,0,0,0,0,0
0,0,0,0,0,0,0,0
0,0,0,0,0,0,0,0
0,0,0,0,0,0,0,0
0,0,0,0,0,0,0,0
0,0,0,0,0,0,0,0
0,0,0,0,0,0,0,0
0,0,0,0,0,0,0,0
0,0,0,0,0,0,0,0
0,0,0,0,0,0,0,0
0,0,0,0,0,0,0,0
0,0,0,0,0,0,0,0
0,0,0,0,0,0,0,0
0,0,0,0,0,0,0,0
0,0,0,0,0,0,0,0
0,0,0,0,0,0,0,0
