SpectrumName : 300.SPC
XUnit        : 
YUnit        : 
Length       : 1024
SubSpcNum    : 1
StartSubSpc  : 0
StopSubSpc   : 0
Comment      : 
Realtime     : 182.849
Livetime     : 180.000
Deadtime     : 2.849
Starttime    : 31.08.2015 10:20:25
Stoptime     : 31.08.2015 10:23:27
CalibCoeff   : a=0.000000000E+000 b=0.000000000E+000 c=0.000000000E+000 d=0.000000000E+000
SpectrumText : 0 
0,0,0,0,0,0,0,0
0,0,0,0,0,0,0,0
0,0,0,0,0,0,0,0
0,0,0,0,0,0,0,0
0,0,0,0,0,0,0,0
0,0,0,0,0,26,153,123
133,111,114,128,135,118,124,124
124,113,101,120,92,102,96,85
96,91,110,87,88,100,98,94
95,86,104,81,116,88,125,115
104,109,101,105,115,149,105,108
136,134,140,147,136,138,115,138
130,145,139,149,124,164,145,139
133,161,138,130,111,128,109,120
106,105,122,87,103,91,85,89
81,88,59,85,67,72,49,51
53,56,43,36,38,30,40,33
28,31,18,22,20,18,16,11
15,12,13,10,10,14,9,6
3,2,6,1,6,7,2,4
3,3,5,4,5,3,3,2
3,2,4,1,3,7,4,6
3,5,5,4,2,3,1,3
1,1,5,2,2,5,5,7
4,3,1,4,5,3,6,4
5,6,4,8,3,5,4,3
6,4,4,4,4,4,5,7
6,6,7,5,7,5,9,4
1,8,8,4,12,10,9,5
10,8,9,10,11,16,15,15
14,19,18,15,19,16,22,21
22,27,23,24,30,38,29,38
36,47,52,58,46,44,71,62
89,85,84,96,102,101,94,124
101,132,120,135,137,157,156,139
155,195,139,178,159,191,175,192
197,172,184,176,173,161,165,140
150,165,118,112,130,102,91,107
92,81,88,74,50,49,59,45
41,44,26,29,35,33,26,26
16,15,19,11,16,10,11,3
6,4,3,3,4,2,1,0
4,0,0,2,2,1,0,2
0,0,0,0,1,1,0,0
1,0,0,0,0,0,0,0
0,0,0,0,0,0,0,0
0,0,0,0,0,0,0,0
0,0,0,0,0,1,0,0
0,0,1,0,0,0,0,0
0,0,0,0,0,0,0,0
0,0,0,0,0,0,0,0
0,0,1,1,0,0,0,0
0,0,0,0,0,0,0,0
0,0,0,0,0,0,0,0
0,0,0,0,0,0,0,0
1,0,0,0,0,0,0,0
0,0,0,0,0,0,0,0
0,0,0,0,0,0,0,0
0,0,0,0,0,0,0,0
0,0,0,0,0,0,0,0
0,0,0,0,0,0,0,0
0,0,0,0,0,0,0,0
0,0,0,0,0,0,0,0
0,0,0,0,0,0,0,0
0,0,0,0,0,0,0,0
0,0,0,0,0,0,0,0
0,0,0,0,0,0,0,0
0,0,0,0,0,0,0,0
0,0,0,0,0,0,0,0
0,0,0,0,0,0,0,0
0,0,0,0,0,0,0,0
0,0,0,0,0,0,0,0
0,0,0,0,0,0,0,0
0,0,0,0,0,0,0,0
0,0,0,0,0,0,0,0
0,0,0,0,0,0,0,0
0,0,0,0,0,0,0,0
0,0,0,0,0,0,0,0
0,0,0,0,0,0,0,0
0,0,0,0,0,0,0,0
0,0,0,0,0,0,0,0
0,0,0,0,0,1,0,0
0,0,0,0,0,0,0,0
0,0,0,0,0,0,0,0
0,0,0,0,0,0,0,0
0,0,0,0,0,0,0,0
0,0,0,0,0,0,0,0
0,0,0,0,0,0,0,0
0,0,0,0,0,0,0,0
0,0,0,0,0,0,0,0
0,0,0,0,0,0,0,0
0,0,0,0,0,0,0,0
0,0,0,0,0,0,0,0
0,0,0,0,0,0,0,0
0,0,0,0,0,0,0,0
0,0,0,0,0,0,0,0
0,0,0,0,0,0,0,0
0,0,0,0,0,0,0,0
0,0,0,0,0,0,0,0
0,0,0,0,0,0,0,0
0,0,0,0,0,0,0,0
0,0,0,0,0,0,0,0
0,0,0,0,0,0,0,0
0,0,0,0,0,0,0,0
0,0,0,0,0,0,0,0
0,0,0,0,0,0,0,0
0,0,0,0,0,0,0,0
0,0,0,0,0,0,0,0
0,0,0,0,0,0,0,0
0,0,0,0,0,0,0,0
0,0,0,0,0,0,0,0
0,0,0,0,0,0,0,0
0,0,0,0,0,0,0,0
0,0,0,0,0,0,0,0
0,0,0,0,0,0,0,0
0,0,0,0,0,0,0,0
0,0,0,0,0,0,0,0
0,0,0,0,0,0,0,0
0,0,0,0,0,0,0,0
0,0,0,0,0,0,0,0
0,0,0,0,0,0,0,0
0,0,0,0,0,0,0,0
0,0,0,0,0,0,0,0
0,0,0,0,0,0,0,0
0,0,0,0,0,0,0,0
0,0,0,0,0,0,0,0
0,0,0,0,0,0,0,0
0,0,0,0,0,0,0,80
