SpectrumName : alu.SPC
XUnit        : 
YUnit        : 
Length       : 1024
SubSpcNum    : 1
StartSubSpc  : 0
StopSubSpc   : 0
Comment      : 
Realtime     : 184.149
Livetime     : 180.000
Deadtime     : 4.149
Starttime    : 31.08.2015 11:52:09
Stoptime     : 31.08.2015 11:55:13
CalibCoeff   : a=0.000000000E+000 b=0.000000000E+000 c=0.000000000E+000 d=0.000000000E+000
SpectrumText : 0 
0,0,0,0,0,0,0,0
0,0,0,0,0,0,0,0
0,0,0,0,0,0,0,0
0,0,0,0,0,0,0,0
0,0,0,0,0,0,0,0
0,0,0,0,0,13,139,126
139,117,142,140,120,149,144,131
133,140,153,140,138,162,162,208
155,150,178,201,206,208,194,203
204,198,218,201,215,223,257,231
245,244,252,265,252,255,255,272
230,240,280,233,249,255,221,246
222,246,201,225,216,206,236,211
191,220,226,181,159,206,161,137
170,150,156,136,135,139,135,117
137,125,125,131,144,127,141,127
132,160,150,144,143,151,146,148
164,173,151,165,169,165,132,171
142,173,172,178,146,178,150,139
157,137,130,149,132,123,115,108
117,95,85,101,76,80,72,65
66,42,48,46,48,49,53,34
29,32,30,39,22,18,19,19
13,14,5,12,14,9,15,5
10,5,7,5,4,5,5,4
4,1,4,8,2,1,2,2
7,9,4,1,4,8,7,2
3,3,2,6,4,6,9,7
5,3,5,1,5,3,4,6
2,3,5,5,6,3,4,11
7,8,4,8,7,9,9,8
8,12,7,11,8,11,9,16
8,12,9,15,17,16,16,13
26,26,19,20,24,16,30,27
29,32,42,33,47,60,58,58
87,67,66,71,71,103,113,101
117,107,124,135,143,184,201,171
183,165,201,175,202,198,159,196
193,194,167,217,176,161,184,147
194,147,139,115,114,142,89,108
92,86,86,68,45,63,44,49
38,40,32,45,29,29,21,23
12,20,9,11,5,10,8,5
6,5,2,4,4,3,3,3
0,0,2,0,0,1,0,0
0,0,0,0,0,0,0,0
0,0,1,0,0,0,0,0
0,0,0,1,1,0,0,0
0,0,0,0,0,0,0,0
0,0,0,1,0,0,0,0
0,0,0,0,0,0,1,0
0,0,0,0,0,0,0,0
0,0,0,0,0,1,0,0
0,0,0,0,0,0,0,0
0,1,0,0,0,0,0,0
0,0,0,0,0,0,0,0
0,0,0,0,0,0,1,0
0,0,0,0,0,0,0,0
0,0,0,0,0,1,0,0
0,0,0,0,0,0,0,0
0,0,0,0,0,0,0,0
0,0,0,0,0,0,0,1
0,0,0,0,1,0,0,0
0,0,0,0,0,0,0,0
0,0,0,0,0,0,0,0
0,0,0,0,0,0,0,0
0,0,0,0,0,0,0,0
0,0,0,0,0,0,0,0
0,0,0,0,0,0,0,0
0,0,0,0,0,0,0,0
0,0,0,0,0,0,0,0
0,0,0,0,0,0,0,0
0,0,0,0,0,0,0,0
0,0,0,0,0,0,0,0
0,0,0,0,0,0,0,0
0,0,0,0,0,0,0,0
0,0,0,0,0,0,0,0
0,0,0,0,0,0,0,0
0,0,0,0,0,0,0,0
0,0,0,0,0,0,0,0
0,0,0,1,0,0,0,0
0,0,0,0,0,0,0,0
0,0,0,0,0,0,0,0
1,0,0,0,0,0,0,0
0,0,0,0,0,0,0,0
0,0,0,0,0,0,0,0
0,0,0,0,0,0,0,0
0,0,0,0,0,0,0,0
0,0,0,0,0,0,0,0
0,0,0,0,0,0,0,0
0,0,0,0,0,0,0,0
0,0,0,0,0,0,0,0
0,0,0,0,0,0,0,0
0,0,0,0,0,0,0,0
0,0,0,0,0,0,0,0
0,0,0,0,0,0,0,0
0,0,0,0,0,0,0,0
0,0,0,0,0,0,0,0
0,0,0,0,0,0,0,0
0,0,0,0,0,0,0,0
0,0,0,0,0,0,0,0
0,0,0,0,0,0,0,0
0,0,0,0,0,0,0,0
0,0,0,0,0,0,0,0
0,0,0,0,0,0,0,0
0,0,0,0,0,0,0,0
0,0,0,0,0,0,0,0
0,0,0,0,0,0,0,0
0,0,0,0,0,0,0,0
0,0,0,0,0,0,0,0
0,0,0,0,0,0,0,0
0,0,0,0,0,0,0,0
0,0,0,0,0,0,0,0
0,0,0,0,0,0,0,0
0,0,0,0,0,0,0,0
0,0,0,0,0,0,0,0
0,0,0,0,0,0,0,0
0,0,0,0,0,0,0,0
0,0,0,0,0,0,0,0
0,0,0,0,0,0,0,0
0,0,0,0,0,0,0,0
0,0,0,0,0,0,0,0
0,0,0,0,0,0,0,0
0,0,0,0,0,0,0,0
0,0,0,0,0,0,0,0
0,0,0,0,0,0,0,0
0,0,0,0,0,0,0,0
0,0,0,0,0,0,0,0
