SpectrumName : biebel.SPC
XUnit        : 
YUnit        : 
Length       : 1024
SubSpcNum    : 1
StartSubSpc  : 0
StopSubSpc   : 0
Comment      : 
Realtime     : 183.263
Livetime     : 180.000
Deadtime     : 3.263
Starttime    : 31.08.2015 11:59:45
Stoptime     : 31.08.2015 12:02:48
CalibCoeff   : a=0.000000000E+000 b=0.000000000E+000 c=0.000000000E+000 d=0.000000000E+000
SpectrumText : 0 
0,0,0,0,0,0,0,0
0,0,0,0,0,0,0,0
0,0,0,0,0,0,0,0
0,0,0,0,0,0,0,0
0,0,0,0,0,0,0,0
0,0,0,0,0,20,112,104
135,121,112,122,128,116,113,112
131,127,129,117,128,114,98,126
130,143,107,110,127,130,115,120
120,122,116,116,127,118,160,130
106,134,125,137,128,134,144,138
103,116,133,119,151,132,132,115
131,109,137,127,113,111,117,113
152,130,109,124,117,122,119,131
125,120,110,125,118,108,132,114
126,108,104,110,114,103,104,105
94,99,122,104,111,93,93,115
119,101,74,97,93,90,98,102
117,79,98,101,112,96,83,92
85,85,99,70,66,80,77,78
75,75,71,68,91,84,72,79
75,75,85,67,76,72,81,70
77,72,55,59,61,59,61,61
57,52,72,58,52,60,64,56
51,53,51,53,36,55,45,52
47,39,48,39,55,51,45,51
49,45,48,40,53,55,47,45
37,39,43,42,43,35,40,32
47,41,32,41,38,46,43,41
46,42,39,47,57,46,52,44
30,64,37,54,44,55,50,50
53,48,32,50,47,49,50,36
40,52,37,44,55,57,41,52
47,50,67,54,56,53,58,60
49,58,59,56,57,30,71,52
54,56,49,48,60,48,58,61
72,59,74,57,55,63,49,59
56,60,59,47,55,48,62,66
68,53,48,52,58,60,56,59
54,53,54,52,57,47,51,67
49,48,48,43,43,48,43,46
44,46,38,42,42,37,40,40
23,35,42,46,26,32,27,33
20,23,35,29,26,23,16,18
26,15,19,11,19,24,9,21
19,17,14,17,12,17,7,9
12,10,7,14,9,9,9,2
5,4,10,6,6,2,0,3
6,2,1,2,0,3,4,7
1,1,2,2,2,0,2,1
0,0,1,0,0,1,0,1
0,0,0,0,0,1,0,0
0,0,0,1,0,0,0,0
0,0,0,0,0,0,0,0
0,0,0,0,0,0,0,0
0,0,0,0,0,0,0,0
0,0,0,0,0,0,0,0
0,0,0,0,0,0,0,0
0,0,0,0,0,0,0,0
0,0,0,0,0,0,0,0
0,0,0,0,0,0,0,0
0,0,0,0,0,0,0,0
0,0,0,0,0,0,0,0
0,0,0,0,0,0,0,0
0,0,0,0,0,0,0,0
0,0,0,0,0,0,0,0
0,0,0,0,0,0,0,0
0,0,0,0,0,0,0,0
0,0,0,0,0,0,0,0
0,0,0,0,0,0,0,0
0,0,0,0,0,0,0,0
0,0,0,0,0,0,0,0
0,0,0,0,0,0,0,0
0,0,0,0,0,0,0,0
0,0,0,0,0,0,0,0
0,0,0,0,0,0,0,0
0,0,0,0,0,0,0,0
0,0,0,0,0,0,0,0
0,0,0,0,0,0,0,0
0,0,0,0,0,0,0,0
0,0,0,0,0,0,0,0
0,0,0,0,0,0,0,0
0,0,0,0,0,0,0,0
0,0,0,0,0,0,0,0
0,0,0,0,0,0,0,0
0,0,0,0,0,0,0,0
0,0,0,0,0,0,0,0
0,0,0,0,0,0,0,0
0,0,0,0,0,0,0,0
0,0,0,0,0,0,0,0
0,0,0,0,0,0,0,0
0,0,0,0,0,0,0,0
0,0,0,0,0,0,0,0
0,0,0,0,0,0,0,0
0,0,0,0,0,0,0,0
0,0,0,0,0,0,0,0
0,0,0,0,0,0,0,0
0,0,0,0,0,0,0,0
0,0,0,0,0,0,0,0
0,0,0,0,0,0,0,0
0,0,0,0,0,0,0,0
0,0,0,0,0,0,0,0
0,0,0,0,0,0,0,0
0,0,0,0,0,0,0,0
0,0,0,0,0,0,0,0
0,0,0,0,0,0,0,0
0,0,0,0,0,0,0,0
0,0,0,0,0,0,0,0
0,0,0,0,0,0,0,0
0,0,0,0,0,0,0,0
0,0,0,0,0,0,0,0
0,0,0,0,0,0,0,0
0,0,0,0,0,0,0,0
0,0,0,0,0,0,0,0
0,0,0,0,0,0,0,0
0,0,0,0,0,0,0,0
0,0,0,0,0,0,0,0
0,0,0,0,0,0,0,0
0,0,0,0,0,0,0,0
0,0,0,0,0,0,0,0
0,0,0,0,0,0,0,0
0,0,0,0,0,0,0,0
0,0,0,0,0,0,0,0
0,0,0,0,0,0,0,0
0,0,0,0,0,0,0,0
0,0,0,0,0,0,0,0
0,0,0,0,0,0,0,0
0,0,0,0,0,0,0,0
