theta_ein	theta_aus	beta	alpha	U_p	U_s	U_p/U_s
53	256.333	37	50.2708181131	0.016	0.613	0.0292682927
52.5	257.333	37.5	49.9424970603	0.013	0.611	0.0244698206
52	258.25	38	49.6139614795	0.011	0.609	0.0212765957
51.5	259.166	38.5	49.2852258866	0.009	0.604	0.0181518152
51	260.166	39	48.9563047531	0.006	0.598	0.0133333333
50.5	261.33	39.5	48.6272125094	0.005	0.597	0.0116861436
50	262.166	40	48.297963548	0.003	0.588	0.0084745763
49	263.833	41	47.639052871	0.003	0.577	0.0086355786
48	266.08	42	46.9796872227	0.01	0.564	0.0212014134
47	267.833	43	46.3199806996	0.026	0.555	0.0502692998
46	269.66	44	45.6600470949	0.057	0.544	0.1080586081
45	271.66	45	45	0.113	0.53	0.2161654135
44	273.66	46	44.3399529051	0.202	0.5	0.406374502
43	NAN	47	43.6800193004	0.384	0.509	0.7553816047
42	NAN	48	43.0203127773	0.638	0.495	1.2877263581
40	NAN	50	41.702036452	1.024	0.45	2.2699115044
38	NAN	52	40.3860385205	0.467	0.413	1.1301204819
55	NAN	35	51.5816649963	0.032	0.637	0.0532081377
65	NAN	25	58.0473300189	0.102	0.691	0.1500721501

