theta_ein	theta_aus	beta	alpha	U_p	U_s	U_p/U_s
53	256.333	37	50.2708181131	0.154	0.715	0.2175732218
51.5	257.333	38.5	49.2852258866	0.125	0.702	0.1803977273
50	258.25	40	48.297963548	0.092	0.69	0.1358381503
48.5	259.166	41.5	47.3094197789	0.064	0.689	0.0955137482
47.5	260.166	42.5	46.6498694525	0.033	0.673	0.0518518519
47	261.33	43	46.3199806996	0.025	0.673	0.04
46.5	262.166	43.5	45.9900351794	0.013	0.67	0.0223214286
46	263.833	44	45.6600470949	0.005	0.666	0.0104790419
45.5	266.08	44.5	45.3300306394	0	0.662	0.0030120482
45	267.833	45	45	0	0.664	0.003003003
44.5	269.66	45.5	44.6699693606	0.005	0.668	0.0104477612
44	271.66	46	44.3399529051	0.02	0.67	0.0327380952
43.5	273.66	46.5	44.0099648206	0.066	0.666	0.1017964072
43	NAN	47	43.6800193004	0.145	0.66	0.2220543807
42.5	NAN	47.5	43.3501305475	0.276	0.645	0.429675425
40	NAN	48	43.0203127773	0.425	0.637	0.6682316119
38.5	NAN	48.5	42.6905802211	0.583	0.635	0.9183673469
NAN	NAN	49	42.360947129	0.783	0.628	1.246031746
NAN	NAN	50	41.702036452	0.93	0.618	1.5032258065
NAN	NAN	51	41.0436952469	0.684	0.595	1.149078727
NAN	NAN	36	50.9267583305	0.156	0.717	0.2197496523
NAN	NAN	34.5	51.9086938955	0.2	0.739	0.2726045884

