theta_ein	theta_aus	beta	alpha	U_p	U_s	U_p/U_s
53	256.333	37	50.2708181131	0.355	0.901	0.3953488372
51.5	257.333	38.5	49.2852258866	0.303	0.884	0.3442437923
50	258.25	40	48.297963548	0.253	0.866	0.2937788018
48.5	259.166	41.5	47.3094197789	0.207	0.842	0.2476303318
47.5	260.166	42.5	46.6498694525	0.193	0.872	0.2231121281
47	261.33	43	46.3199806996	0.182	0.882	0.2081447964
46.5	262.166	43.5	45.9900351794	0.184	0.907	0.204620462
46	263.833	44	45.6600470949	0.166	0.917	0.1828073993
45.5	266.08	44.5	45.3300306394	0.115	0.908	0.1285714286
45	267.833	45	45	0.052	0.887	0.0607424072
44.5	269.66	45.5	44.6699693606	0.024	0.866	0.0299539171
44	271.66	46	44.3399529051	0.034	0.838	0.0428571429
43.5	273.66	46.5	44.0099648206	0.1	0.831	0.1224489796
43	NAN	47	43.6800193004	0.258	0.818	0.3170731707
41.5	NAN	48.5	42.6905802211	0.888	0.797	1.1138923655
40	NAN	50	41.702036452	0.967	0.766	1.26171875
38.5	NAN	51.5	40.7147741134	0.703	0.757	0.9288537549
42.5	NAN	47.5	43.3501305475	0.422	0.814	0.5196078431

