theta_ein	theta_aus	beta	alpha	U_p	U_s	U_p/U_s
54	256.333	36	50.9267583305	0.479	0.897	0.5350389321
52.5	257.333	37.5	49.9424970603	0.416	0.879	0.47446084
50	258.25	40	48.297963548	0.334	0.856	0.3916083916
48.5	259.166	41.5	47.3094197789	0.305	0.856	0.3578088578
47.5	260.166	42.5	46.6498694525	0.367	0.9	0.4090909091
46.5	261.33	43.5	45.9900351794	0.264	0.875	0.3033067275
46	262.166	44	45.6600470949	0.183	0.842	0.2191943128
45.5	263.833	44.5	45.3300306394	0.142	0.836	0.1718377088
45	266.08	45	45	0.12	0.833	0.1461077844
44.5	267.833	45.5	44.6699693606	0.107	0.833	0.1305389222
44	269.66	46	44.3399529051	0.12	0.829	0.146811071
43.5	271.66	46.5	44.0099648206	0.179	0.824	0.2191283293
43	273.66	47	43.6800193004	0.331	0.82	0.4051094891
42.5	NAN	47.5	43.3501305475	0.535	0.814	0.6580882353
40.5	NAN	48.5	42.6905802211	0.941	0.808	1.1641975309
51.5	NAN	38.5	49.2852258866	0.54	0.928	0.5827956989
NAN	NAN	49.5	42.0314277735	1.02	0.8	1.2743142145
NAN	NAN	51	41.0436952469	0.765	0.788	0.9708860759
NAN	NAN	50.5	41.3727874906	0.827	0.79	1.0467171717

