theta_ein	theta_aus	beta	alpha	U_p	U_s	U_p/U_s
53	256.333	37	50.2708181131	0.554	0.922	0.6017316017
51.5	257.333	38.5	49.2852258866	0.547	0.915	0.598691385
50	258.25	40	48.297963548	0.523	0.906	0.5781938326
48.5	259.166	41.5	47.3094197789	0.485	0.893	0.5441340782
47.5	260.166	42.5	46.6498694525	0.465	0.892	0.5223713647
47	261.33	43	46.3199806996	0.451	0.891	0.5072788354
46.5	262.166	43.5	45.9900351794	0.44	0.884	0.4988713318
46	263.833	44	45.6600470949	0.428	0.873	0.4914285714
45.5	266.08	44.5	45.3300306394	0.428	0.87	0.4931192661
45	267.833	45	45	0.435	0.87	0.501146789
44.5	269.66	45.5	44.6699693606	0.438	0.877	0.5005688282
44	271.66	46	44.3399529051	0.455	0.869	0.524684271
43.5	273.66	46.5	44.0099648206	0.438	0.896	0.4899777283
43	NAN	47	43.6800193004	0.471	0.907	0.5203520352
42.5	NAN	47.5	43.3501305475	0.703	0.876	0.8029612756
40	NAN	49	42.360947129	1.008	0.834	1.2081339713
38.5	NAN	51.5	40.7147741134	0.758	0.817	0.927960928
NAN	NAN	46.25	44.1749544296	0.434	0.868	0.5011494253
NAN	NAN	46.75	43.8449858525	0.447	0.873	0.5131428571

