SpectrumName : kallibrierung_Ba.SPC
XUnit        : 
YUnit        : 
Length       : 2048
SubSpcNum    : 1
StartSubSpc  : 0
StopSubSpc   : 0
Comment      : 
Realtime     : 301.174
Livetime     : 300.000
Deadtime     : 1.174
Starttime    : 16.03.2016 10:34:43
Stoptime     : 16.03.2016 10:39:44
CalibCoeff   : a=0.000000000E+000 b=0.000000000E+000 c=0.000000000E+000 d=0.000000000E+000
SpectrumText : 0 
28,73,71,52,61,56,40,36
39,29,29,36,36,48,50,71
82,117,126,108,119,127,93,69
58,47,38,17,24,15,21,20
17,14,22,21,18,22,27,32
28,24,20,20,27,23,15,21
16,16,35,25,24,20,18,22
26,25,20,35,21,19,28,25
12,22,25,26,22,28,32,19
31,33,30,34,34,35,32,24
23,38,28,44,50,24,38,53
53,61,70,77,87,115,108,140
155,209,280,337,414,493,630,739
909,998,1235,1283,1426,1636,1560,1653
1605,1536,1469,1424,1217,1072,935,762
732,616,518,486,435,365,368,351
296,271,217,237,196,127,127,113
93,59,59,52,63,51,35,49
36,44,31,42,40,36,38,45
39,44,50,43,43,38,42,43
38,46,57,53,56,43,63,60
54,75,61,60,67,76,65,68
83,59,62,76,81,74,82,93
87,80,88,87,82,94,89,105
92,81,87,71,69,76,84,81
94,79,82,83,91,83,67,72
84,70,94,110,98,109,93,80
102,115,111,107,123,108,118,119
100,128,129,134,133,99,118,118
131,116,122,119,112,133,113,156
143,112,143,138,122,116,114,139
110,123,133,128,157,128,174,172
159,164,158,177,175,182,205,177
207,242,226,229,264,254,263,302
298,268,307,313,363,387,376,430
392,413,406,380,439,421,481,419
397,419,380,382,404,354,313,323
280,240,241,225,183,172,144,171
159,137,128,100,92,100,90,93
85,75,61,70,69,65,71,61
63,61,69,63,50,63,72,70
62,68,62,52,53,57,59,60
60,56,50,50,63,51,62,56
49,55,54,50,59,69,63,75
61,54,56,50,54,69,52,47
57,75,62,61,60,64,42,63
55,78,60,56,59,63,73,65
74,47,48,56,69,69,54,57
65,56,75,67,62,48,66,59
64,60,61,65,52,70,62,60
52,68,48,59,48,66,61,51
57,63,72,61,60,53,67,63
43,65,62,53,48,61,60,49
55,62,70,52,59,70,59,61
68,57,57,65,65,63,52,49
74,62,58,63,55,40,62,51
57,64,53,46,56,37,79,62
61,65,53,45,55,50,77,58
77,49,60,55,61,74,55,49
74,64,55,74,63,48,69,65
68,63,81,59,67,75,67,71
62,74,68,61,68,67,73,78
69,76,80,88,70,78,72,65
71,61,68,76,78,57,77,86
57,75,69,66,86,64,75,71
84,80,74,76,86,72,83,82
83,69,84,83,103,100,84,64
83,67,72,78,75,61,73,88
85,68,61,70,82,81,84,63
91,69,62,92,61,68,70,60
82,80,58,86,75,72,69,62
73,62,59,73,56,61,64,60
63,51,66,52,64,78,56,62
55,57,53,57,69,67,53,54
62,69,60,50,49,58,70,56
63,56,56,56,53,52,62,45
62,48,52,44,50,62,51,68
50,54,65,67,48,53,52,37
40,69,58,62,63,49,46,45
55,50,44,60,38,42,48,47
43,41,44,45,41,37,42,43
69,42,44,39,44,47,52,39
39,55,35,32,46,31,35,43
37,45,35,39,41,30,37,38
40,35,40,37,41,37,38,39
44,35,36,38,48,42,45,27
26,26,31,36,32,30,33,41
22,32,32,38,31,43,27,37
30,33,25,23,35,19,28,23
49,35,31,23,27,28,34,23
44,26,30,28,29,33,34,34
30,15,46,28,33,24,27,28
23,32,34,26,26,34,25,33
24,28,24,25,30,32,26,30
26,28,31,21,28,19,33,24
34,18,29,25,28,21,22,26
24,20,17,30,33,26,28,25
28,22,24,19,28,15,29,22
21,24,33,20,25,20,22,31
22,28,17,33,23,24,20,17
27,20,31,19,22,30,21,31
18,26,31,22,15,26,20,26
19,21,24,27,19,24,16,23
19,21,18,16,19,27,20,18
23,22,29,21,18,22,20,24
29,20,13,19,21,14,21,27
25,15,23,19,23,22,26,15
12,15,32,22,20,15,18,22
25,14,28,20,32,30,28,21
26,23,19,35,24,27,23,28
33,23,32,22,27,30,31,28
28,35,38,24,33,39,22,30
27,28,46,29,37,39,37,34
38,33,23,33,42,39,42,45
27,47,31,35,43,28,33,33
44,40,32,34,39,45,36,25
48,36,45,31,39,31,38,35
42,37,48,32,29,36,39,42
43,40,38,43,40,36,38,40
37,37,38,42,36,42,52,40
42,53,36,40,32,43,36,45
46,43,54,45,43,49,48,51
42,47,50,53,58,51,59,47
54,45,58,41,56,65,58,55
60,47,44,50,53,51,53,63
55,57,49,50,52,63,53,38
58,61,40,42,54,55,59,48
56,49,58,48,55,48,51,55
43,48,52,45,35,51,57,37
49,39,56,42,37,35,44,32
32,35,34,39,31,43,33,32
39,27,30,28,26,24,33,24
31,29,24,23,16,19,28,29
28,23,19,28,24,23,16,19
18,17,18,20,23,15,16,13
21,17,14,16,16,16,16,18
18,14,13,15,25,32,29,20
16,22,23,21,25,20,23,34
24,20,31,35,30,32,30,33
29,26,39,41,34,54,44,44
39,41,44,55,51,58,65,57
63,56,56,53,69,57,65,66
67,77,82,77,74,80,81,66
85,86,78,80,94,79,82,95
100,81,108,116,106,89,113,100
127,98,117,109,101,107,114,128
121,131,129,111,119,125,112,120
112,124,97,129,123,124,132,120
113,105,108,118,118,117,129,124
112,100,110,97,99,121,104,110
109,91,98,110,104,102,104,99
102,111,99,89,108,85,68,89
81,76,78,79,72,89,70,82
72,71,63,75,62,58,58,60
52,45,60,66,49,57,52,46
46,34,52,39,45,48,30,38
48,40,30,45,32,42,25,24
36,31,34,23,29,30,28,26
23,28,22,20,24,20,25,18
22,19,26,19,26,25,17,20
20,22,22,12,15,13,18,16
24,21,14,27,12,17,10,17
13,8,15,7,18,17,11,13
20,7,11,10,8,7,11,15
12,13,9,12,10,11,5,10
16,3,7,10,13,14,7,8
10,15,7,11,8,4,7,1
7,6,9,8,8,9,4,5
6,11,6,5,1,10,2,7
2,5,4,4,3,4,4,3
3,6,5,2,6,5,3,7
4,2,8,3,1,3,1,5
2,4,2,1,2,3,5,6
3,5,9,3,2,6,3,5
2,8,4,3,5,8,2,2
3,2,2,2,2,2,1,5
1,2,2,4,5,0,2,5
6,3,6,9,2,4,5,5
4,1,6,8,0,4,3,1
1,4,3,5,2,2,2,1
3,2,4,5,3,4,8,3
2,1,2,7,2,4,7,6
1,4,0,3,5,2,1,4
3,5,4,6,5,3,4,6
2,4,1,5,2,3,1,3
3,1,2,6,4,6,2,1
5,3,3,0,6,1,6,6
6,2,1,3,3,4,7,4
3,1,4,1,2,2,5,3
2,2,3,2,0,3,3,1
4,0,3,4,7,3,2,2
3,2,1,2,3,3,3,7
2,4,3,4,2,3,1,4
1,3,4,1,0,1,3,2
2,6,6,3,0,2,5,2
3,2,6,5,1,3,2,4
3,4,4,6,6,4,3,0
5,3,4,4,2,1,3,1
1,4,3,4,3,3,4,2
2,4,4,0,4,3,5,4
7,5,4,1,2,6,3,3
4,3,3,5,3,2,2,4
0,5,2,2,2,4,3,2
2,3,4,5,2,4,2,5
3,2,2,2,4,5,3,5
5,3,5,0,2,8,3,2
5,0,2,1,1,0,4,5
1,2,2,4,4,7,1,3
2,2,1,2,5,3,2,2
2,4,4,5,2,1,2,1
1,1,3,3,5,4,5,1
2,1,2,3,2,3,8,6
3,2,4,2,2,4,8,1
3,1,3,2,2,4,3,5
6,0,2,2,4,1,2,2
0,1,2,3,5,1,4,2
1,3,3,3,2,1,6,4
1,3,1,0,4,2,6,2
2,2,3,5,1,3,2,4
5,2,7,0,0,2,2,1
1,3,0,5,1,2,2,4
2,4,3,1,5,2,3,3
2,4,5,4,3,4,8,3
6,5,3,1,4,5,4,4
6,4,5,4,5,3,6,3
4,3,2,3,5,11,4,4
4,6,7,3,3,2,4,7
5,7,3,5,2,6,4,5
4,6,7,5,1,8,9,5
6,3,4,8,7,4,5,6
2,4,5,4,7,5,8,9
4,5,3,7,9,9,8,6
6,3,3,6,5,4,5,5
3,4,3,1,8,6,6,5
9,8,2,6,4,5,5,6
4,6,7,7,8,5,6,5
6,8,7,8,4,3,5,8
2,9,9,5,2,2,4,6
4,3,8,11,3,5,4,7
8,6,6,7,4,9,6,3
6,7,7,5,6,6,2,3
3,6,4,7,4,8,3,7
7,4,4,7,7,4,4,8
8,2,5,4,3,5,3,4
8,3,4,1,3,2,1,2
4,5,3,2,5,2,3,2
5,3,1,3,6,4,2,4
3,4,2,1,3,3,2,2
0,0,1,4,1,2,0,5
0,3,2,1,2,2,1,5
3,4,1,4,1,2,1,4
5,3,2,5,3,0,6,0
5,2,6,2,4,2,2,0
1,0,4,2,3,1,1,7
1,2,4,5,2,1,1,4
3,2,2,0,5,4,3,0
