2.943086470207705361e+02 6.916224821468932532e+03 1.631989758049155625e+01
2.697202626282099232e+02 6.947546218100043916e+03 1.680533629981292165e+01
2.468280790860098080e+02 7.038010124755045581e+03 1.692448593466700402e+01
2.240850882168659268e+02 6.714568753299159653e+03 1.649339247301598732e+01
2.007049162985442194e+02 6.700571216287406060e+03 1.700438483882210505e+01
1.781397765328506750e+02 6.506721740987195517e+03 1.755327127304733281e+01
1.535194722496499367e+02 6.196082232421450499e+03 1.678921661970721857e+01
1.264420511188772878e+02 6.423873133532286374e+03 1.846363932573303401e+01
9.971324991233335311e+01 6.945136552820194083e+03 1.999999999288055008e+01
7.210388962287750303e+01 6.746211423548986204e+03 1.999999999999967670e+01
4.465813371281263500e+01 5.651062869903292267e+03 1.999999999997273648e+01
3.168147915735670495e+01 2.410133415208790666e+03 1.999999993930036268e+01
