4.562065311559774159e+02 7.222357196366998323e+03 1.526375753172528782e+01
4.329936388781749201e+02 7.093694417928373696e+03 1.529994907220043920e+01
4.109662299361688724e+02 7.283803319117208957e+03 1.589740375133492734e+01
3.909755650640883573e+02 7.241399189799445594e+03 1.552572661429751122e+01
3.696528975517007893e+02 7.235445023719460551e+03 1.584218983291137661e+01
3.491542563261181158e+02 7.072280077916891969e+03 1.675773102247940471e+01
3.269789992836052193e+02 7.247340510568856189e+03 1.647355961723080497e+01
3.056230833089870771e+02 7.152426718146704843e+03 1.715363935205624557e+01
2.855360803822702565e+02 7.234472170282489969e+03 1.648845835910645619e+01
2.653035212232899767e+02 7.119243696671862381e+03 1.728204830236425948e+01
2.399529903098389525e+02 7.114023110211246603e+03 1.787704520128619023e+01
2.201402184124883945e+02 7.125087549655481780e+03 1.815313473211354278e+01
1.984507888159917570e+02 7.182010599250837004e+03 1.786349209798451554e+01
1.765775451145683803e+02 7.265728441215476778e+03 1.864914657855951674e+01
1.554320436787760116e+02 7.195772368693876160e+03 1.939902336105673797e+01
1.331054019108057389e+02 7.129741385092092969e+03 2.011661064345912564e+01
1.093657202735885789e+02 7.252086621956868839e+03 2.120010461092598320e+01
8.486978715618343472e+01 7.077069879309769021e+03 2.238206732146742439e+01
5.920681963721190755e+01 6.705857280029129470e+03 2.229329539028077534e+01
3.110774215244499885e+01 6.746848490428296827e+03 2.389951793785618150e+01
