SpectrumName : absorbtion_2,5cmBlei+5cmAlu_LLDhoch.SPC
XUnit        : 
YUnit        : 
Length       : 2048
SubSpcNum    : 1
StartSubSpc  : 0
StopSubSpc   : 0
Comment      : 
Realtime     : 307.918
Livetime     : 300.000
Deadtime     : 7.918
Starttime    : 16.03.2016 11:53:00
Stoptime     : 16.03.2016 11:58:08
CalibCoeff   : a=0.000000000E+000 b=0.000000000E+000 c=0.000000000E+000 d=0.000000000E+000
SpectrumText : 0 
0,0,0,0,0,0,0,0
0,0,0,0,0,0,1,0
5,121,162,121,110,101,84,105
84,98,109,103,111,84,102,110
106,96,94,102,109,111,100,114
105,99,110,115,112,101,116,111
115,116,110,102,99,104,118,107
107,124,124,94,105,102,93,115
111,109,110,128,129,115,125,131
121,120,114,107,126,118,129,134
134,117,136,110,129,130,114,111
126,129,131,129,125,124,123,117
127,115,116,111,132,120,133,120
128,120,112,119,141,117,126,121
123,124,103,120,124,113,121,98
135,119,126,126,128,127,106,136
109,126,137,120,157,131,156,162
136,136,136,124,133,129,151,153
123,132,115,131,140,115,133,140
133,146,133,139,152,136,143,146
152,159,134,135,154,160,130,134
151,148,132,139,142,155,128,137
145,128,133,136,137,149,148,149
146,150,140,143,148,139,123,138
135,146,150,157,167,135,138,130
148,151,127,141,124,146,153,162
164,150,128,153,155,148,167,133
145,161,142,161,137,138,150,166
146,158,151,148,166,166,163,147
128,159,154,159,158,162,180,170
138,155,152,161,195,158,151,158
160,147,200,160,175,175,180,182
192,163,171,154,165,194,171,185
193,156,173,163,176,162,167,161
182,171,191,161,172,142,165,176
163,161,153,153,169,185,171,172
159,182,172,173,174,196,150,160
159,162,164,169,190,176,156,176
157,166,163,167,157,192,167,177
181,160,120,162,172,168,156,172
176,160,159,170,157,154,158,159
141,156,134,153,160,148,150,163
148,140,152,152,151,145,158,158
149,165,170,167,169,142,141,153
152,168,174,186,152,132,163,160
170,164,173,155,143,159,165,146
154,133,152,148,133,150,139,124
144,140,144,161,166,152,165,154
157,142,139,161,155,164,150,137
161,132,151,154,166,162,170,151
144,174,122,147,174,160,152,158
166,156,153,162,166,170,155,164
159,145,162,150,149,171,161,149
162,126,169,155,157,140,151,168
163,155,151,139,112,173,153,157
149,157,166,146,164,179,152,149
136,145,175,153,176,126,130,153
160,173,138,134,152,151,149,147
145,141,176,146,153,136,128,151
155,145,158,155,156,159,145,149
149,146,154,149,163,165,132,147
157,144,143,152,157,131,150,133
154,164,163,153,152,158,169,152
149,153,144,135,153,165,146,160
159,166,152,153,146,178,162,148
154,156,153,154,162,175,164,124
147,165,144,149,161,148,134,165
152,171,137,152,173,152,156,167
142,181,172,158,181,149,158,159
172,153,156,155,146,180,141,155
136,154,164,149,141,141,164,150
149,152,186,153,144,142,166,166
154,158,176,156,177,132,147,176
161,162,187,159,156,168,155,167
168,134,157,138,152,162,167,178
161,158,167,175,167,171,152,161
136,159,172,151,175,178,174,187
161,202,171,175,187,192,191,183
195,178,182,181,202,177,188,194
177,171,172,186,162,196,200,164
169,168,205,188,187,186,153,188
164,160,162,195,188,191,154,185
184,172,182,175,161,198,182,177
168,163,181,180,198,164,179,195
153,177,181,165,183,165,155,189
167,181,170,170,171,187,188,176
170,147,153,159,165,175,157,181
157,179,152,171,148,165,176,161
178,153,163,143,146,122,173,172
160,168,165,174,156,154,168,166
168,167,171,151,146,153,147,161
150,184,146,158,160,144,176,173
158,159,183,178,152,148,135,148
178,154,152,158,127,154,168,144
148,124,150,167,146,157,158,141
137,146,159,149,141,172,156,142
143,143,141,171,152,159,165,124
131,154,152,172,147,156,153,146
152,173,157,144,155,147,165,172
141,149,152,166,138,163,129,151
157,152,154,138,144,140,153,168
143,141,166,149,133,157,150,136
132,143,165,129,134,150,145,151
131,149,160,128,128,137,144,145
160,149,161,147,140,137,156,164
147,151,134,156,130,153,152,157
156,168,162,140,136,171,139,180
140,146,145,148,141,138,140,133
139,151,135,147,134,138,141,134
149,124,151,144,146,135,141,143
142,159,162,140,130,149,143,132
127,137,153,133,144,146,138,150
145,144,152,148,143,154,144,141
131,170,122,173,127,149,136,131
122,133,151,140,148,157,135,144
145,128,128,125,144,118,134,139
151,136,138,144,137,148,133,130
130,134,138,130,112,121,158,153
148,146,144,124,119,164,131,134
134,153,139,141,157,148,146,133
129,121,144,133,157,134,140,139
149,142,133,140,146,134,129,146
118,136,143,124,136,142,125,128
165,130,122,134,136,137,143,142
153,142,116,139,183,135,137,158
143,131,122,131,123,134,151,141
143,159,141,131,137,147,130,142
141,120,160,131,135,145,126,127
137,140,149,143,116,123,142,129
126,128,138,138,142,129,148,127
120,138,149,149,127,145,151,137
125,145,139,135,125,143,137,130
114,119,131,158,139,144,146,162
134,133,126,114,127,143,130,129
142,125,137,134,151,131,133,166
132,164,133,124,138,135,147,161
135,131,151,148,134,140,132,142
128,156,148,138,124,145,145,137
122,120,128,159,151,156,123,133
149,122,150,147,121,149,150,141
160,137,163,133,136,134,129,130
136,131,147,132,137,153,118,152
141,148,144,152,141,130,136,166
124,124,143,127,135,138,128,142
136,150,127,126,152,141,142,126
152,143,146,174,154,148,149,136
140,137,145,139,166,148,139,141
143,135,114,130,155,152,133,154
121,146,171,147,126,166,150,134
159,162,132,151,159,151,136,162
153,166,148,163,147,124,145,135
124,169,129,132,155,148,137,122
130,156,146,160,167,156,130,157
156,149,149,148,153,152,154,147
141,142,150,130,166,165,135,155
145,130,163,141,149,145,159,161
142,130,158,167,148,134,136,145
160,161,150,160,152,150,156,152
151,156,175,155,135,164,171,150
157,157,152,159,140,136,161,117
143,149,151,171,157,133,161,154
159,165,152,154,164,177,155,142
140,168,154,176,148,155,158,158
154,154,142,165,149,161,161,173
151,153,173,149,169,156,153,141
157,176,166,166,161,170,154,155
149,169,165,174,166,158,147,155
147,146,155,166,150,175,192,171
157,163,180,152,177,147,159,169
176,172,158,174,184,173,162,158
163,192,161,135,158,178,177,171
165,192,159,159,184,143,171,153
177,188,168,160,169,175,184,173
176,165,162,183,174,155,171,157
136,171,175,190,188,170,159,176
161,180,157,183,194,154,170,175
171,165,180,180,172,171,193,186
157,191,194,177,169,186,163,183
172,174,172,162,181,167,182,194
185,187,179,156,169,162,168,185
186,151,170,155,165,178,173,168
164,168,172,161,159,170,175,169
178,154,159,187,179,167,158,166
151,141,143,182,154,174,148,158
161,151,140,164,143,150,142,135
153,140,138,131,123,122,156,135
159,149,145,132,136,144,115,125
122,138,122,118,111,116,105,106
127,115,118,102,110,101,101,121
105,114,122,100,103,95,93,82
103,112,107,94,104,86,78,91
93,89,82,88,82,75,89,83
84,93,80,77,75,88,77,74
79,75,76,74,62,73,57,63
62,53,59,60,58,57,67,61
73,56,77,52,82,59,68,64
58,63,46,44,55,54,65,55
63,55,59,53,59,46,58,52
46,55,58,67,57,52,54,38
57,66,61,49,57,40,41,51
45,47,47,45,55,52,47,37
59,49,44,41,43,42,40,44
35,46,34,47,40,41,58,47
40,33,39,46,43,41,52,43
51,42,34,37,39,42,45,47
36,38,40,30,44,37,24,28
27,52,39,43,30,28,35,26
29,40,49,40,37,39,30,29
46,34,48,37,31,32,38,31
31,23,36,44,33,29,33,32
38,35,28,30,34,23,32,36
36,29,27,30,34,33,43,39
27,32,33,29,24,44,30,39
39,27,33,27,29,30,26,36
34,30,32,36,31,21,43,27
30,24,25,22,36,36,27,35
33,35,27,34,42,28,34,21
44,29,33,29,33,35,36,31
34,30,32,38,33,35,33,37
31,35,35,36,38,35,45,39
34,32,36,37,39,45,33,38
28,35,35,35,47,33,46,39
34,39,38,43,46,41,36,38
44,43,48,41,29,38,40,34
43,45,34,38,38,44,37,35
51,43,40,50,48,40,41,40
48,53,53,45,51,45,65,45
39,44,52,56,44,46,52,46
52,47,63,54,66,68,61,65
70,76,60,63,55,77,65,77
72,67,85,87,90,93,90,105
105,87,106,116,115,125,130,151
173,166,185,223,205,226,237,272
260,264,288,306,318,372,401,423
475,499,533,579,635,634,693,676
788,813,858,947,963,1022,1127,1193
1336,1272,1391,1444,1537,1659,1676,1797
1849,1839,1995,2134,2108,2205,2327,2397
2485,2612,2652,2601,2714,2773,2789,2853
2926,3044,3073,3007,3082,3195,3148,3114
3230,3167,3073,3206,3111,3087,3017,3078
3062,2972,2878,2777,2835,2604,2540,2617
2445,2367,2242,2149,2094,2083,1931,1831
1805,1695,1580,1593,1429,1333,1242,1210
1062,1065,970,903,769,753,733,637
568,550,500,421,390,366,305,273
259,233,204,182,170,152,126,117
100,96,90,63,66,59,50,41
41,25,17,30,25,14,18,25
13,10,14,10,7,8,10,6
6,4,5,8,7,6,4,1
6,1,5,5,2,7,6,4
4,4,5,11,2,3,6,6
7,7,5,4,4,5,4,7
4,4,5,5,6,4,4,3
8,6,4,7,7,8,4,0
