SpectrumName : absorbtion_2,5cmBlei+2cmAlu_LLDhoch.SPC
XUnit        : 
YUnit        : 
Length       : 2048
SubSpcNum    : 1
StartSubSpc  : 0
StopSubSpc   : 0
Comment      : 
Realtime     : 314.248
Livetime     : 300.000
Deadtime     : 14.248
Starttime    : 16.03.2016 12:10:46
Stoptime     : 16.03.2016 12:16:00
CalibCoeff   : a=0.000000000E+000 b=0.000000000E+000 c=0.000000000E+000 d=0.000000000E+000
SpectrumText : 0 
0,0,0,0,0,0,0,0
0,0,0,1,0,1,0,1
12,200,256,198,184,164,153,185
159,170,185,151,180,182,182,164
200,193,186,189,173,190,172,192
188,191,201,171,191,183,198,194
171,198,207,193,205,190,195,200
203,184,205,190,170,193,221,216
227,193,203,229,215,215,214,214
192,241,237,202,202,234,201,205
233,226,211,207,226,203,191,209
216,229,220,230,226,235,235,226
222,216,242,224,217,216,188,238
235,239,213,240,213,217,230,233
223,233,219,216,246,230,213,224
238,213,240,210,228,248,227,216
238,237,232,269,235,248,223,246
214,236,222,221,225,216,238,248
252,236,262,243,218,228,217,216
240,241,231,251,227,222,211,277
264,246,211,259,250,217,229,238
228,237,256,239,223,219,245,261
272,234,244,249,242,250,273,237
239,232,240,220,263,219,245,243
264,271,255,240,255,223,247,228
254,235,243,250,258,234,248,238
213,245,261,270,254,253,246,258
252,257,262,258,249,247,255,233
256,247,268,270,281,255,259,258
243,215,244,242,251,256,231,252
262,254,270,257,286,249,243,257
269,276,269,257,289,272,276,260
240,282,285,285,246,265,300,279
228,321,261,295,298,286,293,276
281,298,295,280,280,276,282,285
229,253,288,263,234,303,247,269
274,290,261,265,274,270,237,255
227,266,259,254,265,257,264,277
268,266,265,248,250,276,286,241
275,265,257,255,258,273,241,260
262,247,267,273,228,245,232,280
256,245,267,235,240,240,261,254
253,239,250,232,250,247,248,285
231,260,290,251,228,280,249,248
238,258,241,258,252,262,254,246
250,234,276,280,284,254,226,262
235,286,255,240,271,257,257,253
232,232,250,255,272,293,219,251
244,244,243,268,240,252,261,216
248,266,254,259,230,236,288,259
240,279,276,248,230,261,230,263
253,254,276,260,257,270,234,249
240,243,257,259,246,231,245,248
258,258,255,272,235,286,244,247
277,248,259,261,242,250,251,241
249,259,254,248,241,283,230,237
233,301,259,222,255,296,264,234
239,234,259,245,249,250,251,266
270,268,254,287,267,256,263,259
280,242,261,253,258,230,255,262
263,244,255,274,259,238,241,269
238,242,257,262,234,261,271,272
263,270,260,242,260,268,236,249
251,264,281,279,242,265,243,254
228,264,269,257,255,274,263,248
254,272,254,245,232,236,250,263
274,226,272,268,251,245,255,251
254,257,256,275,264,246,280,262
284,280,259,248,260,269,277,240
276,285,247,252,247,266,271,255
242,255,250,263,272,274,276,268
294,277,272,282,262,275,238,241
269,283,276,252,280,274,270,311
276,256,297,282,288,265,270,267
249,270,272,289,287,267,246,275
314,291,286,264,273,278,293,234
295,270,288,270,262,269,296,309
279,325,291,302,288,328,283,309
293,282,291,278,313,299,294,290
285,336,293,309,305,330,335,357
343,319,319,266,319,346,311,287
291,323,314,322,344,302,310,303
311,307,315,328,312,306,296,275
321,304,292,336,339,357,294,317
331,330,295,267,315,353,296,306
296,320,292,285,278,281,293,320
288,321,324,309,298,294,286,297
277,284,315,255,290,324,301,283
269,272,287,295,325,291,310,257
292,273,303,281,334,255,269,310
272,289,285,284,253,246,279,264
281,256,266,249,285,307,260,300
294,260,285,279,311,268,307,273
266,292,260,265,294,264,287,246
265,296,273,283,250,295,267,254
277,284,272,272,247,275,263,272
254,252,253,293,247,257,257,262
302,271,266,242,273,235,226,259
273,252,253,274,273,274,221,260
263,258,253,269,237,246,265,260
257,261,241,283,257,255,264,264
260,264,250,254,237,243,275,244
267,264,242,230,255,244,233,264
279,228,267,256,244,278,252,254
215,237,256,230,257,272,247,244
261,268,244,273,254,222,251,233
245,294,254,265,277,232,255,239
256,257,243,264,222,276,269,218
232,256,235,254,273,223,259,242
273,245,259,256,220,242,282,263
240,247,234,252,234,259,259,263
248,239,233,241,227,238,238,260
259,244,213,249,247,254,272,257
269,253,244,243,274,244,254,239
207,265,221,258,242,259,228,250
229,268,232,248,227,252,268,246
216,252,246,257,258,251,268,231
249,249,261,260,273,246,255,245
256,267,250,249,234,276,221,236
256,268,266,280,217,243,246,250
252,238,244,240,244,250,262,253
242,272,232,259,249,238,240,269
260,263,290,237,260,246,263,255
260,255,261,251,235,226,230,236
243,267,253,244,263,246,261,271
258,249,263,201,250,260,247,228
210,237,263,245,258,212,269,231
281,227,239,232,275,249,251,257
225,244,252,227,264,262,270,248
218,239,226,248,270,236,256,231
242,253,240,253,242,261,264,245
242,256,241,248,234,255,228,229
253,242,237,232,264,262,259,241
248,255,280,243,251,263,260,274
228,233,255,238,234,226,248,238
273,236,247,260,253,232,260,245
237,254,241,249,245,272,281,242
265,252,243,252,261,231,251,265
246,251,259,255,270,238,220,237
242,263,266,244,248,248,255,245
230,237,254,252,261,264,279,271
255,249,268,271,242,255,266,276
257,250,258,260,244,230,239,250
257,238,274,260,232,246,236,233
269,248,261,251,236,252,246,241
254,256,253,239,264,231,251,267
246,250,259,286,232,239,230,253
255,243,271,255,255,230,269,254
271,235,261,246,242,271,259,262
274,245,236,275,248,272,262,243
253,256,249,254,253,272,265,260
267,259,286,262,273,238,276,259
282,245,243,258,264,271,263,241
242,232,273,262,271,276,286,251
296,251,253,264,276,262,296,262
260,286,263,270,254,244,278,222
242,265,248,279,264,254,222,294
275,251,266,263,252,270,290,276
259,265,289,249,264,287,266,293
256,290,258,248,300,244,291,276
284,276,245,272,250,283,280,250
258,269,276,271,257,278,277,279
289,268,292,323,324,292,299,275
288,256,297,247,273,271,295,278
286,297,308,278,293,285,293,279
320,331,296,273,270,282,292,268
314,302,279,301,304,292,290,294
290,277,312,288,292,263,301,326
293,271,284,337,270,294,307,299
293,323,297,302,322,314,297,293
243,308,294,368,258,291,284,277
284,308,303,295,278,319,315,313
332,276,285,302,309,309,302,318
332,326,329,329,319,287,308,337
340,315,318,316,331,337,337,336
309,341,288,296,301,316,309,313
307,317,303,331,325,321,290,318
331,315,352,295,328,288,320,289
312,282,350,330,318,330,316,321
305,293,321,318,337,314,309,306
292,303,280,306,314,333,326,315
287,315,320,301,266,304,291,300
301,309,310,298,317,292,291,314
316,294,307,280,303,289,295,293
332,299,272,279,290,285,257,298
252,246,252,291,266,258,274,285
251,253,251,252,236,262,220,255
225,253,235,227,231,236,225,239
225,225,213,229,208,233,211,245
212,209,200,209,199,203,207,198
198,170,187,175,178,189,180,200
162,175,166,159,176,154,188,161
148,156,166,140,142,142,152,141
135,129,137,135,145,133,129,119
121,139,112,127,119,131,103,124
114,119,107,148,111,148,113,110
110,120,133,122,107,110,97,85
102,105,111,98,99,123,97,94
84,115,95,118,101,101,94,104
77,101,96,102,83,109,76,83
86,97,87,94,97,85,83,87
81,69,87,85,80,99,92,98
76,81,88,73,73,80,81,82
68,92,81,68,71,85,69,77
68,82,69,64,54,82,72,68
67,59,68,77,64,83,54,67
67,83,62,85,59,78,71,66
70,67,60,65,75,57,82,75
78,62,67,61,70,69,67,72
67,55,60,72,64,65,76,68
57,56,74,84,66,41,56,51
53,49,56,66,62,48,56,61
58,48,58,49,53,70,74,53
51,66,60,58,63,43,60,56
66,57,65,49,68,62,57,55
52,74,57,63,54,64,67,61
53,56,75,64,65,51,61,56
67,63,42,77,70,57,67,61
61,75,72,49,68,77,71,53
66,73,57,69,65,62,57,54
73,60,70,64,74,76,59,54
68,64,68,67,84,73,70,72
65,69,81,71,55,65,70,78
74,67,85,69,85,70,87,69
79,88,71,86,79,82,89,76
80,97,79,89,99,91,91,99
85,92,106,80,89,89,96,78
100,101,108,97,112,102,106,110
128,107,117,116,124,108,121,115
126,139,123,129,139,136,152,163
131,158,187,166,163,194,189,210
214,214,224,215,221,253,280,309
280,320,365,380,390,439,467,467
505,558,585,639,686,717,734,785
890,904,1010,1058,1101,1194,1255,1366
1426,1555,1649,1750,1820,1973,2068,2177
2269,2439,2490,2606,2832,2832,3066,3241
3449,3431,3491,3700,3904,4060,4204,4301
4401,4500,4620,4815,4883,4975,5122,5110
5322,5426,5496,5506,5618,5643,5474,5828
5653,5581,5610,5726,5681,5646,5522,5383
5306,5243,5280,5127,5048,4846,4760,4597
4436,4269,4216,4158,3790,3734,3422,3363
3190,3043,2841,2719,2485,2408,2270,2088
1993,1852,1767,1647,1557,1372,1236,1214
1029,945,851,821,741,680,576,537
518,475,400,366,320,295,245,215
197,191,166,129,112,115,99,83
75,73,52,54,44,42,36,31
23,26,22,26,18,18,17,15
13,11,17,13,6,6,17,5
10,9,9,7,10,10,7,2
13,5,15,6,11,6,12,7
8,12,6,8,9,6,14,6
7,8,10,5,7,5,15,11
14,11,6,11,6,14,6,0
