SpectrumName : absorbtion_2,5cm.SPC
XUnit        : 
YUnit        : 
Length       : 2048
SubSpcNum    : 1
StartSubSpc  : 0
StopSubSpc   : 0
Comment      : 
Realtime     : 321.720
Livetime     : 300.000
Deadtime     : 21.720
Starttime    : 16.03.2016 11:25:21
Stoptime     : 16.03.2016 11:30:43
CalibCoeff   : a=0.000000000E+000 b=0.000000000E+000 c=0.000000000E+000 d=0.000000000E+000
SpectrumText : 0 
39,71854,26540,453,250,223,235,218
238,213,210,225,228,220,233,209
251,260,228,266,265,229,249,286
252,245,255,290,248,271,281,271
255,263,286,279,282,256,248,290
271,266,279,268,294,273,273,297
295,292,287,286,296,312,306,284
295,292,277,274,296,302,271,306
272,313,320,307,315,322,317,327
319,317,317,311,337,314,333,317
308,335,323,332,341,317,305,325
319,324,324,334,322,303,291,299
339,330,310,320,296,338,310,323
337,353,333,324,315,308,321,334
321,323,348,332,302,315,321,341
318,337,340,335,306,350,317,346
338,347,324,371,309,369,360,357
330,304,347,361,382,326,319,342
346,349,356,341,314,361,348,350
352,353,329,360,314,339,343,337
352,346,388,358,350,350,308,365
333,377,328,365,343,335,358,396
360,347,343,351,325,340,369,359
366,359,345,357,370,379,362,298
387,336,351,369,386,342,382,351
341,355,351,355,351,360,379,371
354,385,365,329,361,354,315,365
350,345,356,369,368,359,371,355
363,361,362,359,357,373,364,387
359,341,359,327,330,365,351,349
365,385,365,411,364,380,409,379
400,373,382,377,374,368,388,437
350,401,391,383,392,429,396,399
346,386,371,388,425,376,392,406
405,349,401,392,380,370,380,385
369,361,378,382,397,406,348,330
401,365,369,406,373,350,355,374
408,393,375,409,370,367,370,392
392,362,359,367,354,400,351,339
404,348,398,389,355,375,356,397
327,342,343,358,350,334,390,364
363,341,385,377,361,347,371,388
371,388,412,359,346,390,331,367
394,351,356,384,376,388,359,398
362,355,344,374,332,366,341,350
381,362,373,361,315,378,345,411
352,399,338,347,344,345,351,395
389,367,351,341,375,342,359,375
366,363,352,344,367,371,383,361
409,346,346,368,379,378,358,351
347,332,357,369,355,373,381,409
345,368,395,366,378,339,371,362
355,375,361,356,364,357,369,345
382,346,342,390,338,379,347,398
367,334,348,405,366,381,377,345
374,353,356,366,390,404,385,352
357,386,360,373,346,346,370,379
373,362,391,407,358,355,384,389
374,375,397,355,373,369,333,391
380,359,366,381,408,355,380,401
328,361,397,361,354,361,346,395
368,392,368,330,384,383,367,367
355,354,347,366,376,377,389,362
369,365,355,382,382,366,382,367
387,366,355,364,369,350,316,380
368,376,360,346,360,366,373,336
429,384,380,400,366,363,397,385
369,370,403,375,363,362,346,358
385,394,398,375,376,334,398,362
389,359,328,401,360,386,373,351
378,386,406,391,369,394,373,383
398,362,420,392,391,380,399,387
385,367,357,411,410,388,403,368
381,384,355,393,405,379,354,417
401,396,366,388,424,407,366,374
401,393,430,388,381,395,388,403
422,384,407,430,414,404,388,389
425,407,452,432,371,432,410,419
439,423,417,414,467,440,416,445
431,419,414,428,438,447,435,406
422,428,448,411,417,491,446,416
433,458,465,460,415,437,430,490
477,423,436,443,479,454,412,466
439,496,468,455,438,450,454,427
434,441,442,457,451,425,402,470
461,446,427,492,456,445,428,458
428,458,422,456,450,429,451,404
439,392,467,429,423,454,414,400
448,413,412,422,407,401,429,420
456,439,482,434,422,403,385,438
397,414,379,435,414,383,376,426
393,407,400,397,394,405,399,386
422,443,410,387,350,437,379,407
385,388,351,405,388,375,382,406
404,373,420,411,380,373,374,351
426,372,406,410,364,397,387,393
414,392,385,373,375,373,411,363
413,395,391,406,393,340,392,405
390,340,365,396,383,384,410,406
363,364,357,380,373,380,356,400
389,376,406,371,403,348,379,363
361,377,383,372,391,407,377,419
359,397,409,401,365,380,366,375
378,387,384,343,391,373,412,369
372,420,374,409,342,380,383,382
386,357,355,356,368,385,371,357
366,368,410,379,364,389,386,373
375,344,342,328,376,384,387,367
373,351,345,375,338,384,332,393
399,335,353,384,366,354,348,368
352,394,351,324,352,347,342,363
373,365,359,352,346,382,375,346
357,366,331,385,331,365,351,367
379,363,347,395,324,342,340,369
347,324,365,319,388,376,368,369
379,366,351,348,359,370,348,356
348,372,357,334,359,336,379,337
354,346,349,332,335,382,389,382
361,368,377,358,351,359,335,378
339,354,351,364,376,346,368,357
331,350,352,374,403,377,312,334
344,354,361,379,335,358,365,374
335,377,340,348,347,349,388,349
356,352,348,359,354,359,349,334
342,349,346,340,364,351,320,384
378,353,374,392,370,346,393,381
382,354,311,345,375,386,332,388
378,394,326,377,383,370,326,361
383,363,360,357,329,364,360,349
358,405,395,360,381,325,358,349
380,373,368,362,367,356,333,343
374,344,362,370,364,383,335,389
341,329,351,383,352,387,340,349
360,365,405,382,376,386,390,381
338,384,389,347,361,376,338,358
365,382,363,360,374,331,343,368
355,363,341,378,363,367,370,386
365,362,367,321,329,345,360,311
351,328,350,369,390,336,369,370
396,349,367,351,390,366,383,373
335,362,361,374,369,385,351,326
356,343,364,384,325,339,391,335
373,375,345,355,362,335,409,368
366,393,355,415,373,372,372,332
390,340,361,363,375,393,408,373
376,371,352,352,394,348,380,356
356,377,381,400,393,350,376,372
343,392,351,419,402,376,350,374
362,378,370,407,394,386,374,365
425,358,370,405,385,404,376,374
396,374,373,360,399,346,394,389
392,351,402,390,379,379,376,378
352,371,405,384,378,394,365,363
375,424,415,409,367,407,416,395
391,396,373,395,397,395,389,354
366,389,402,388,383,393,394,363
384,412,384,383,400,418,413,422
361,426,366,385,352,385,398,422
353,399,407,396,408,387,425,410
394,399,418,418,383,398,400,410
433,404,411,410,422,412,451,425
424,451,412,441,393,391,414,412
373,414,389,409,389,402,395,374
384,377,446,423,416,402,417,423
375,439,444,413,406,415,441,400
437,423,445,431,430,398,437,391
455,416,425,412,443,438,409,437
423,445,439,432,399,459,408,443
424,439,454,433,408,472,438,426
484,437,445,452,494,443,448,415
439,413,437,439,433,414,419,442
393,454,410,428,442,432,475,443
462,427,482,473,475,462,467,441
509,452,458,430,458,448,439,424
453,504,452,471,461,432,436,472
447,471,443,450,473,458,462,481
472,469,506,449,454,445,488,449
475,478,477,506,463,474,435,458
493,475,469,494,461,468,466,463
495,454,478,447,465,477,447,485
460,494,429,467,448,450,444,453
470,459,487,466,494,504,504,440
474,450,452,443,437,466,457,457
430,486,418,443,409,477,475,480
394,438,453,462,405,450,396,428
440,437,437,437,401,448,455,429
392,435,417,418,373,427,399,436
411,377,391,386,362,374,357,389
340,385,369,392,377,339,354,339
373,372,334,371,313,317,315,313
318,346,305,295,298,291,313,268
278,275,299,314,303,282,294,292
251,287,264,254,267,245,249,259
260,249,244,229,244,240,258,210
241,245,235,212,199,235,221,207
222,209,204,201,214,205,199,192
187,213,177,203,180,172,185,205
177,186,194,204,183,157,162,158
169,133,155,160,128,162,179,140
159,139,174,128,184,152,127,149
154,157,131,156,133,149,158,129
141,118,159,148,131,133,129,131
142,159,132,143,152,131,130,146
126,118,133,128,153,108,141,132
144,136,112,109,111,122,123,126
129,106,110,122,99,108,105,96
119,118,111,113,116,95,120,111
127,103,109,107,97,106,112,96
102,84,93,115,83,102,108,100
90,104,108,95,104,117,106,90
100,107,96,100,103,90,108,108
103,98,105,97,90,94,96,104
102,115,100,94,98,106,100,86
104,88,80,100,83,98,83,84
91,94,89,91,89,89,83,101
92,95,100,90,104,101,105,91
102,98,89,98,99,102,112,89
106,100,88,78,102,105,89,95
123,114,122,103,99,104,105,100
118,100,103,116,111,109,115,115
99,91,84,130,100,108,103,111
105,111,111,105,106,108,116,100
136,132,122,140,132,91,121,123
108,111,108,138,132,123,144,116
128,128,135,132,139,134,101,130
148,125,135,123,118,136,152,160
150,139,164,157,143,138,167,140
156,160,148,171,157,174,163,161
185,169,177,145,192,159,185,218
172,175,193,193,217,221,245,203
227,205,233,257,245,279,267,272
273,309,315,287,366,341,354,393
432,445,413,506,571,553,571,599
662,654,665,761,809,943,947,1001
1020,1164,1159,1240,1337,1393,1482,1562
1819,1789,1985,2048,2175,2261,2332,2600
2661,2869,3083,3260,3271,3583,3752,3923
4186,4297,4546,4681,4866,5053,5292,5467
5613,5851,6121,6288,6453,6806,6676,7084
7093,7267,7403,7638,7764,7911,7985,7970
8188,8334,8242,8293,8212,8393,8225,8263
8295,8181,8218,7855,7861,7681,7589,7492
7221,7158,6994,6781,6411,6411,6021,5855
5780,5499,5188,4833,4881,4504,4347,4084
3828,3685,3282,3100,3003,2865,2636,2465
2205,2087,1977,1843,1681,1537,1344,1230
1183,994,953,837,772,711,602,562
513,427,428,386,305,267,242,213
211,180,166,134,112,95,97,74
59,76,59,68,37,41,46,32
38,31,28,21,23,24,23,16
19,24,18,15,9,24,12,16
21,18,18,16,16,22,24,19
15,18,19,12,17,13,19,13
17,12,16,19,18,15,17,16
16,21,15,19,14,10,9,0
