SpectrumName : absorbtion_2,5cmBlei+4cmAlu_LLDhoch.SPC
XUnit        : 
YUnit        : 
Length       : 2048
SubSpcNum    : 1
StartSubSpc  : 0
StopSubSpc   : 0
Comment      : 
Realtime     : 309.601
Livetime     : 300.000
Deadtime     : 9.601
Starttime    : 16.03.2016 11:59:01
Stoptime     : 16.03.2016 12:04:11
CalibCoeff   : a=0.000000000E+000 b=0.000000000E+000 c=0.000000000E+000 d=0.000000000E+000
SpectrumText : 0 
0,0,0,0,0,0,0,0
0,0,0,0,0,0,0,1
13,126,178,161,121,98,113,125
110,132,134,130,120,124,116,115
136,121,129,129,128,133,127,152
116,149,142,127,137,132,152,131
135,147,146,143,147,133,140,137
150,120,131,144,144,138,113,158
142,138,111,123,123,126,129,131
148,126,148,168,152,132,152,141
146,138,134,146,134,166,153,150
138,142,159,168,162,154,135,157
147,161,168,140,145,168,141,153
156,147,165,135,178,141,143,183
178,141,154,161,145,170,152,166
176,156,153,139,148,135,170,162
150,159,142,134,160,153,159,158
173,159,142,164,177,160,165,168
178,139,162,161,156,158,174,173
158,170,175,165,162,174,160,148
172,176,181,194,152,144,159,167
171,168,171,165,154,153,190,149
189,162,157,164,160,201,182,168
178,161,160,177,177,157,165,172
162,177,175,173,185,188,147,174
172,163,164,185,173,164,178,185
160,175,173,181,196,184,181,182
165,209,184,213,178,175,203,191
182,153,186,179,167,197,178,185
165,170,172,180,190,141,177,192
188,173,189,189,202,196,166,192
207,188,169,186,200,202,191,222
187,212,187,212,194,180,215,196
219,200,189,200,204,221,194,197
188,192,221,230,189,178,178,160
176,181,195,166,195,183,202,220
173,180,173,202,192,178,176,197
200,185,184,178,194,202,193,210
180,178,206,177,188,208,188,188
191,176,210,200,191,200,186,179
164,194,200,206,189,193,190,167
182,182,190,173,200,203,172,179
213,163,183,214,192,199,166,183
179,198,188,187,181,158,178,174
179,179,179,187,149,178,164,168
184,170,170,177,191,184,174,190
189,175,180,195,161,209,166,181
193,190,185,173,182,145,173,177
172,195,182,179,159,185,155,149
200,191,186,185,198,187,165,166
164,177,203,175,173,185,188,165
169,165,169,168,178,170,160,194
178,151,174,188,159,193,183,189
181,164,173,197,183,177,178,178
164,196,176,175,170,169,192,207
203,182,203,167,162,181,217,152
207,172,197,187,175,199,185,179
196,176,207,183,171,177,201,181
171,180,189,187,186,187,156,172
202,185,184,171,185,190,187,187
198,167,190,174,185,173,180,200
173,170,199,174,187,196,149,195
186,178,182,174,172,185,166,177
173,179,182,199,180,174,195,185
193,186,186,192,172,204,186,191
155,192,178,200,199,183,191,185
183,178,189,168,179,179,167,174
157,194,176,185,179,167,186,192
185,175,165,183,193,195,182,216
188,174,180,165,171,183,183,183
153,204,186,189,169,182,189,189
164,182,172,174,163,210,179,182
191,194,203,184,170,212,182,177
182,205,201,171,193,189,226,190
163,191,200,180,171,208,180,198
191,205,188,215,179,209,223,189
186,196,194,188,210,192,201,207
212,222,225,181,185,188,230,192
209,196,204,213,206,220,223,197
208,235,216,221,215,221,221,217
218,214,218,202,213,216,197,214
167,228,247,240,184,231,223,234
201,221,196,216,208,215,195,205
231,207,207,225,202,191,225,196
235,240,204,199,192,226,205,211
227,194,208,197,190,214,217,183
206,233,171,227,205,204,201,198
192,182,209,188,213,185,200,217
195,213,210,191,176,190,210,197
194,192,187,193,203,207,200,167
200,188,195,197,191,167,182,194
186,181,204,203,216,195,189,193
216,193,206,169,177,181,176,171
185,182,210,189,181,192,188,185
193,174,166,182,179,164,165,184
179,174,174,216,177,166,180,177
174,182,176,166,194,181,176,206
159,182,186,188,210,215,166,183
213,192,169,153,203,171,186,187
185,173,178,201,181,175,201,163
184,168,174,171,171,159,152,175
189,188,195,170,177,170,176,155
181,183,174,191,167,176,185,155
171,185,172,180,190,179,170,178
188,184,172,155,181,149,175,175
181,163,178,174,155,166,184,182
166,169,152,186,158,160,176,178
174,156,178,155,162,158,156,193
163,175,166,187,190,168,157,181
178,165,178,185,147,185,166,169
177,177,180,137,171,169,171,156
159,159,161,169,190,182,187,180
183,150,167,159,173,154,190,149
175,176,206,145,170,161,178,176
165,144,166,198,160,173,156,173
157,167,173,177,180,163,153,174
172,146,155,171,154,194,192,165
169,166,164,159,155,167,172,190
187,174,151,147,195,173,150,159
151,151,167,160,172,172,150,158
168,148,149,168,172,145,166,191
155,146,160,161,170,182,177,157
169,171,176,186,190,150,181,173
173,180,170,201,180,163,175,162
173,162,181,182,152,158,170,164
171,174,154,162,158,186,160,143
183,168,180,175,172,174,157,163
160,164,167,196,180,174,158,174
172,160,181,178,155,175,174,161
169,172,165,170,173,166,138,207
174,157,150,163,176,162,177,187
182,161,165,158,164,166,177,173
167,178,173,177,159,170,174,168
150,159,168,153,177,169,186,155
167,194,175,169,172,168,167,142
166,172,146,175,170,173,170,157
174,179,181,176,167,179,156,165
167,163,186,181,165,156,173,183
167,135,177,180,173,170,159,164
158,170,157,182,182,172,168,177
181,159,188,162,165,176,163,159
188,179,176,198,181,167,166,180
166,163,188,171,202,192,157,197
177,153,170,199,192,171,162,186
168,154,195,168,184,159,139,181
175,170,168,165,177,180,167,177
166,175,178,188,161,165,167,167
152,202,170,160,188,190,199,154
177,177,178,177,174,189,162,143
177,162,179,193,183,175,160,187
178,190,148,171,177,197,153,188
170,190,170,177,166,188,196,145
172,167,189,158,169,169,164,186
186,174,192,196,165,171,178,153
188,196,162,189,189,187,176,208
173,165,189,174,167,201,162,190
201,182,175,175,190,158,165,164
165,182,180,205,163,190,172,198
188,187,169,185,190,208,203,201
161,157,186,172,170,201,161,190
173,217,202,182,162,203,184,182
193,211,219,206,192,211,173,171
183,162,183,204,196,202,191,192
200,191,207,195,180,203,227,213
174,204,203,178,191,197,211,176
154,180,195,199,186,205,184,191
195,196,198,204,191,184,193,190
190,195,197,227,201,200,218,213
202,219,173,187,170,188,183,191
213,197,200,196,207,212,215,186
209,199,214,204,208,247,197,256
205,209,189,216,198,217,239,223
209,208,227,202,204,207,225,212
185,213,211,199,212,227,185,197
209,235,231,189,197,232,220,213
195,194,198,214,205,221,212,207
223,215,228,222,204,200,216,229
226,227,243,213,220,215,225,204
207,183,227,227,211,208,196,206
203,215,199,231,226,212,187,208
214,205,210,205,216,181,211,239
210,208,210,198,207,214,219,223
216,203,199,189,195,180,200,173
200,201,186,197,187,192,203,195
197,183,175,175,157,160,181,174
182,163,189,162,156,141,182,185
156,165,151,151,142,145,162,176
170,163,170,152,174,144,138,141
170,131,166,141,152,130,137,144
143,140,135,101,127,130,151,123
148,85,116,108,128,110,102,122
116,107,108,119,109,112,110,99
102,138,110,105,102,104,101,88
97,80,81,97,95,94,102,73
73,78,79,84,77,94,83,83
72,88,79,88,73,89,90,77
74,80,72,71,75,62,55,73
66,69,70,69,72,78,65,71
60,67,64,56,68,61,57,68
57,68,58,44,59,59,70,59
54,56,42,54,61,54,66,66
54,48,48,54,53,52,58,54
49,57,42,62,47,52,41,63
46,48,63,49,54,45,50,48
47,34,60,57,43,48,48,42
40,52,55,34,43,55,42,43
34,59,40,44,41,49,44,50
36,40,41,45,47,43,44,42
48,30,39,32,45,40,50,44
44,45,36,45,51,47,26,44
50,37,37,35,38,35,48,37
47,39,32,32,42,48,31,42
43,51,45,40,51,32,34,35
35,46,47,44,45,32,44,39
39,36,38,40,40,47,41,44
39,28,39,44,39,41,43,49
27,37,42,32,33,31,42,38
24,43,49,36,37,44,45,42
57,43,36,44,37,29,29,49
42,35,45,44,50,48,39,41
47,29,44,46,42,39,56,35
46,32,44,42,45,47,33,58
41,62,47,39,50,45,48,50
50,35,42,46,50,53,53,50
46,49,39,58,57,53,70,49
71,56,48,40,60,45,53,49
56,58,51,52,65,60,64,76
56,51,73,70,68,63,68,53
62,68,70,58,69,87,81,69
92,77,83,84,90,101,85,106
106,96,99,117,118,102,102,106
118,134,140,157,159,169,189,190
180,209,229,221,236,279,276,314
321,354,399,448,457,466,439,528
522,609,620,675,744,746,864,830
953,1050,1074,1177,1236,1235,1386,1398
1513,1587,1651,1733,1877,1929,1927,2207
2246,2294,2442,2564,2605,2702,2874,2937
2979,3059,3078,3226,3313,3403,3513,3625
3641,3584,3688,3761,3685,3764,3952,3813
3842,3911,3905,3778,3885,3836,3629,3658
3697,3612,3517,3412,3354,3294,3101,3175
3026,2874,2799,2788,2633,2488,2241,2224
2056,2017,1870,1861,1787,1537,1503,1379
1308,1246,1155,1077,953,885,833,814
720,683,550,549,478,440,378,333
326,279,253,233,197,188,176,148
131,116,104,91,72,54,55,57
47,33,38,31,32,30,24,18
20,11,13,14,14,15,14,15
8,4,7,6,2,3,5,7
8,5,5,6,8,10,1,7
5,5,2,8,7,5,7,3
6,2,6,6,6,5,5,8
5,11,7,2,6,5,7,4
2,8,8,4,9,3,5,0
