SpectrumName : absorbtion_2,5cmBlei+3cmAlu_LLDhoch.SPC
XUnit        : 
YUnit        : 
Length       : 2048
SubSpcNum    : 1
StartSubSpc  : 0
StopSubSpc   : 0
Comment      : 
Realtime     : 311.721
Livetime     : 300.000
Deadtime     : 11.721
Starttime    : 16.03.2016 12:04:46
Stoptime     : 16.03.2016 12:09:57
CalibCoeff   : a=0.000000000E+000 b=0.000000000E+000 c=0.000000000E+000 d=0.000000000E+000
SpectrumText : 0 
0,0,0,0,0,0,0,0
0,0,0,0,0,0,0,0
9,142,234,168,137,158,137,115
159,154,137,147,142,148,159,153
150,154,159,164,150,166,150,145
150,183,157,171,140,188,194,183
144,178,171,180,147,167,174,151
182,174,166,160,163,163,141,182
182,174,157,165,192,172,187,190
182,158,178,155,170,167,167,183
193,178,191,187,202,159,187,197
156,173,166,161,173,180,192,188
181,185,180,185,210,198,185,176
197,189,214,199,166,170,184,172
179,201,190,161,181,203,179,214
202,176,214,197,194,172,196,189
195,213,189,183,173,198,187,204
212,193,238,196,199,181,211,210
194,187,181,216,191,197,199,205
203,202,203,205,224,200,218,205
199,213,220,211,183,202,199,206
192,210,201,222,192,190,189,210
219,225,203,204,193,196,226,227
204,180,182,209,225,196,190,220
189,201,218,197,189,190,197,188
209,221,144,199,231,220,210,186
205,214,188,219,192,200,213,242
204,228,201,191,206,220,228,203
224,193,211,209,208,211,213,228
213,219,223,224,208,218,231,199
209,208,230,225,229,224,203,218
242,225,221,229,228,223,193,211
267,251,227,211,238,252,238,226
274,248,256,224,241,228,245,224
221,234,249,211,227,228,228,223
209,230,193,231,228,258,216,207
232,206,227,259,237,222,209,207
221,243,227,226,221,204,225,239
217,218,227,200,188,219,241,225
228,228,202,242,194,231,211,231
200,215,187,178,227,233,203,234
239,216,206,209,213,247,230,208
213,224,220,232,202,217,187,216
206,189,210,250,213,185,208,200
229,215,208,202,233,232,193,210
215,214,206,214,223,211,235,203
203,219,212,227,190,242,213,189
213,213,187,225,229,210,205,227
247,230,193,220,185,239,216,221
231,200,213,215,212,203,215,195
237,187,208,229,196,204,218,193
187,222,220,196,217,222,235,210
220,217,199,236,210,233,189,214
211,216,220,214,226,233,226,217
231,225,203,203,199,227,202,223
207,210,224,213,229,199,232,257
213,231,239,211,223,216,238,223
242,202,235,212,209,191,195,235
222,217,182,224,201,213,189,256
209,201,220,229,216,208,229,223
235,215,211,237,213,196,204,210
220,228,226,200,205,189,213,218
209,227,224,252,227,208,235,226
214,231,201,199,233,210,223,204
211,201,223,224,200,220,200,204
243,199,221,203,238,214,212,232
219,233,213,214,239,238,199,216
226,193,224,216,203,193,241,205
237,213,227,230,227,218,219,218
201,223,213,195,225,223,220,222
191,195,197,221,237,234,217,207
235,216,221,224,226,213,213,242
208,224,203,241,215,226,219,245
225,247,225,209,232,237,254,246
223,201,253,223,237,219,262,228
240,236,204,218,210,216,255,232
225,231,226,275,235,242,250,256
241,246,271,231,248,253,264,214
256,248,248,257,239,298,260,225
283,279,237,244,256,260,239,282
247,261,278,286,277,245,272,257
277,264,268,275,279,266,281,253
268,285,273,262,246,275,242,252
235,266,244,268,260,243,255,248
245,242,277,251,270,251,256,255
263,281,264,259,232,271,249,251
234,249,246,247,244,247,265,259
268,244,241,254,223,228,226,230
246,233,212,258,243,225,228,226
231,259,234,216,252,219,226,205
225,253,248,223,218,227,245,230
238,231,208,230,214,222,214,222
237,209,214,224,224,221,247,234
211,219,226,235,233,228,219,220
211,225,208,247,240,224,210,230
237,243,195,240,226,203,240,229
230,205,203,227,192,223,225,226
235,228,218,216,220,185,200,205
223,214,183,242,223,226,236,209
210,216,213,231,219,210,232,200
208,188,210,200,201,193,234,219
201,231,222,231,249,241,228,227
207,228,234,195,199,201,205,242
201,238,219,201,217,198,216,228
190,222,202,207,212,211,206,216
214,223,207,225,219,195,208,193
197,215,211,211,219,202,198,207
208,216,188,200,201,213,232,204
196,207,218,211,242,219,213,220
214,204,187,200,203,208,175,222
212,218,211,205,190,203,215,190
202,178,219,202,217,191,196,204
166,202,198,217,216,212,216,213
200,219,209,192,183,209,209,179
236,195,224,226,224,205,232,220
181,194,197,203,177,203,205,222
204,212,230,212,189,200,215,200
178,196,187,196,206,216,209,179
233,177,214,210,191,183,201,220
231,191,176,202,220,225,217,206
207,204,191,218,190,205,208,195
214,211,198,181,208,172,215,184
201,217,186,215,199,182,221,206
207,200,197,210,199,185,182,202
192,194,197,235,210,204,197,184
206,202,194,222,207,205,212,205
191,201,190,217,224,180,188,203
185,187,175,220,200,203,209,206
197,207,206,218,218,207,217,179
186,202,206,207,192,197,205,200
218,223,181,210,217,197,200,180
218,192,193,201,215,200,168,210
200,189,189,226,189,198,208,197
218,198,190,204,195,226,187,200
211,192,230,214,220,182,215,227
216,203,209,197,199,208,222,201
197,205,206,217,206,214,190,216
200,183,206,210,220,196,191,228
200,199,221,216,184,201,168,189
210,223,212,238,232,198,190,199
198,206,198,192,212,212,217,210
191,205,225,209,180,210,194,184
219,211,233,204,225,206,212,209
211,208,237,182,192,200,226,180
226,192,214,223,217,200,194,209
199,199,174,226,175,204,204,218
211,191,186,219,231,193,194,202
194,167,208,226,204,184,208,215
225,229,239,231,227,207,198,237
224,177,220,221,194,200,225,227
227,232,211,205,194,210,218,223
194,208,216,214,207,206,240,206
196,216,229,198,217,236,226,208
246,203,218,217,203,238,210,210
226,188,192,236,240,197,211,234
230,189,220,212,202,222,211,228
188,217,224,216,208,223,207,212
238,220,224,217,234,233,206,201
223,236,209,219,241,222,224,211
222,241,222,187,246,227,223,228
197,234,229,206,203,223,243,230
223,258,196,204,244,208,241,207
235,246,246,202,237,231,215,228
247,221,225,282,258,235,260,217
243,256,215,213,254,236,238,229
194,261,253,227,243,242,211,233
238,257,264,233,218,246,230,257
245,272,235,234,243,276,244,217
263,238,239,243,213,264,252,260
222,209,265,265,253,245,230,266
254,249,239,245,246,263,266,244
263,253,252,288,250,269,263,257
253,217,232,265,246,245,261,276
250,253,248,251,243,245,233,251
245,266,233,265,240,275,246,238
246,250,232,237,270,289,259,287
252,268,272,266,212,238,259,251
257,234,269,240,243,277,259,249
268,271,243,251,256,248,263,276
263,247,276,276,267,256,254,264
252,279,260,262,281,254,268,255
258,248,264,263,266,277,281,279
261,237,245,260,251,233,256,249
239,210,258,232,268,240,259,231
253,205,221,211,231,223,197,236
222,204,205,213,203,209,202,208
189,201,181,209,204,203,199,197
193,175,183,210,184,195,182,176
158,184,167,174,175,174,178,180
180,149,167,181,179,140,155,152
146,160,140,145,146,152,149,121
138,120,155,151,138,143,149,124
127,136,108,139,141,121,127,120
109,104,92,118,104,87,117,117
85,111,97,104,97,99,104,118
119,102,86,101,110,98,108,97
92,97,80,94,80,70,86,72
91,88,76,67,73,79,85,67
83,82,75,65,83,77,60,78
73,82,86,76,83,69,84,66
79,71,74,90,77,73,72,66
69,81,65,66,70,58,65,52
71,65,59,62,66,64,53,65
64,64,61,66,70,62,44,68
53,66,53,55,53,53,69,56
59,53,59,61,53,65,59,61
60,54,47,60,66,58,55,51
57,53,64,41,50,63,61,61
46,59,63,50,46,55,47,47
48,44,51,53,51,45,50,40
45,37,54,52,65,40,42,55
57,45,51,51,45,46,49,45
35,45,31,46,53,48,38,54
49,45,43,48,53,40,56,41
49,50,47,40,72,35,59,62
44,52,60,42,45,51,49,52
49,49,44,40,59,46,56,52
36,46,39,40,60,55,51,33
50,48,52,55,44,46,42,46
56,61,64,63,53,45,53,35
43,57,61,55,60,51,54,43
60,60,69,43,57,54,64,48
76,59,51,65,47,45,90,75
73,64,46,63,68,59,67,74
63,73,68,65,63,65,66,77
65,72,73,48,65,68,54,79
83,59,70,85,88,87,85,80
69,80,100,68,82,87,85,98
86,95,89,103,90,94,105,76
93,97,104,117,99,129,107,134
110,131,140,152,143,150,133,168
179,148,171,181,178,194,204,207
231,245,255,285,327,322,363,381
451,450,457,508,536,609,606,670
671,823,778,883,916,969,1072,1094
1185,1264,1284,1473,1491,1623,1632,1809
1879,1950,2111,2180,2309,2385,2563,2639
2722,2784,2941,3210,3183,3323,3517,3477
3641,3861,3945,3944,4167,4093,4342,4394
4461,4558,4549,4518,4627,4699,4607,4758
4594,4701,4657,4664,4684,4603,4540,4461
4433,4361,4147,4123,4074,3962,3799,3775
3768,3556,3439,3262,3069,3026,2799,2679
2576,2447,2339,2315,2127,1990,1949,1691
1572,1567,1458,1286,1252,1113,983,976
865,811,736,644,563,543,504,441
411,337,337,297,272,262,183,166
165,142,127,97,97,86,62,71
47,52,44,44,34,32,27,16
21,22,19,10,19,14,7,16
7,10,12,9,9,5,4,10
11,7,6,9,11,10,13,8
8,9,9,4,5,5,9,4
7,7,7,7,4,5,7,6
10,7,7,3,7,16,7,9
8,8,9,6,5,9,7,0
