SpectrumName : absorbtion_6cm.SPC
XUnit        : 
YUnit        : 
Length       : 2048
SubSpcNum    : 1
StartSubSpc  : 0
StopSubSpc   : 0
Comment      : 
Realtime     : 300.622
Livetime     : 300.000
Deadtime     : 0.622
Starttime    : 16.03.2016 11:10:16
Stoptime     : 16.03.2016 11:15:17
CalibCoeff   : a=0.000000000E+000 b=0.000000000E+000 c=0.000000000E+000 d=0.000000000E+000
SpectrumText : 0 
0,23,35,13,6,8,6,7
6,9,7,8,9,9,6,5
11,7,4,6,15,7,6,5
8,12,11,11,3,10,3,10
15,12,7,9,10,8,9,8
13,8,5,9,7,6,11,7
13,9,12,14,10,10,12,10
11,8,10,9,9,13,12,6
5,13,8,10,14,13,12,15
12,10,9,14,15,18,14,9
14,10,10,9,17,10,14,2
14,11,6,11,13,15,12,12
21,14,11,18,14,6,17,18
16,12,8,6,11,8,11,9
13,10,9,13,10,16,18,17
14,9,10,9,13,17,14,10
16,17,14,13,19,19,12,15
15,11,18,18,11,11,21,18
21,24,20,14,17,19,19,21
18,20,20,14,13,21,21,19
17,24,21,12,16,17,15,15
22,19,21,21,10,19,27,27
16,17,21,20,20,20,18,22
22,24,24,33,17,24,13,19
21,23,29,13,22,12,16,23
30,22,27,21,22,24,23,35
22,20,27,15,19,23,25,26
43,32,29,21,25,27,22,24
24,33,34,31,18,27,27,39
29,31,25,31,30,34,28,27
27,36,35,33,43,37,41,36
42,38,39,27,36,47,39,44
53,44,45,45,37,49,49,58
46,64,46,55,37,51,41,54
42,47,46,42,42,36,47,43
32,37,40,37,42,36,44,30
36,37,38,28,43,35,34,33
34,38,38,46,33,30,45,33
42,34,36,33,52,42,41,28
27,26,28,44,40,37,20,35
36,34,38,34,39,37,36,33
30,41,29,26,25,22,23,30
28,38,32,28,32,30,33,32
31,28,30,25,32,38,32,31
35,22,24,24,35,23,32,32
41,29,25,27,41,29,42,31
40,33,31,35,30,26,37,26
24,27,35,31,41,39,22,34
34,40,27,35,32,27,17,30
34,21,40,37,36,28,34,28
26,36,29,31,26,30,46,37
35,29,38,28,24,22,35,30
27,27,28,29,24,28,35,30
26,37,29,31,27,25,27,36
27,28,30,19,26,29,26,26
22,31,21,25,31,25,21,26
30,24,23,24,21,23,21,36
27,31,35,31,29,19,22,26
27,21,27,22,34,25,28,29
25,26,17,23,26,21,23,29
19,26,27,25,28,26,27,31
24,23,25,29,24,24,23,26
30,30,25,26,31,19,29,32
23,27,30,26,30,30,28,27
19,28,25,17,28,30,28,21
33,27,26,15,30,20,28,28
23,32,25,26,27,26,27,25
25,18,29,23,19,24,30,23
19,22,22,19,30,23,21,21
29,28,14,21,19,20,20,23
22,19,17,29,21,21,30,20
18,22,22,20,22,30,18,22
23,28,21,17,28,23,26,17
24,19,18,31,30,23,20,28
21,21,20,24,14,19,27,25
21,26,23,22,23,22,25,24
21,22,18,23,18,31,18,22
19,20,24,18,17,22,19,23
22,19,23,10,24,15,28,23
20,23,31,26,11,24,23,14
26,20,15,18,17,24,23,24
25,19,25,14,20,33,32,23
22,24,22,20,16,19,27,13
30,22,20,21,28,22,22,21
14,19,19,19,19,20,15,21
31,22,25,26,15,27,13,14
11,17,21,26,22,17,22,22
14,21,23,17,21,22,19,14
16,17,32,10,24,19,18,18
21,17,18,17,23,18,19,15
13,17,20,23,12,23,19,16
14,16,16,14,27,20,13,18
18,12,23,15,18,19,15,19
13,13,25,15,14,13,19,22
22,20,22,23,14,12,17,16
24,23,15,18,18,18,19,20
17,18,23,19,19,21,20,15
19,16,16,19,12,18,14,25
23,21,19,17,19,19,19,17
20,22,16,16,22,17,16,19
20,22,11,18,24,19,11,18
13,20,17,19,19,16,23,14
19,18,20,18,19,19,22,15
15,18,16,14,22,11,18,13
19,14,11,15,15,15,17,12
8,18,15,23,12,21,10,18
9,11,12,14,22,15,16,15
15,17,12,12,7,9,13,12
16,17,11,16,17,15,17,11
14,13,14,5,20,11,14,11
16,12,10,16,4,12,15,11
22,9,19,7,12,12,14,14
9,5,21,10,18,15,14,22
13,13,13,14,15,11,9,11
9,14,12,24,15,14,15,12
13,11,19,9,10,16,13,13
16,10,11,12,9,6,12,13
10,8,10,15,10,13,15,14
10,21,9,16,12,9,24,16
12,11,14,11,11,13,15,17
9,9,11,9,15,17,11,10
15,15,9,7,16,8,14,14
13,12,7,16,16,15,16,14
10,13,12,8,8,9,14,10
12,11,13,13,9,12,8,8
15,10,12,12,10,13,12,11
12,18,10,8,10,6,11,12
19,15,8,12,10,13,10,15
14,16,7,15,13,16,17,21
10,14,11,8,14,8,8,7
9,16,8,10,14,13,11,9
11,9,16,18,10,6,11,10
19,7,23,14,11,8,10,7
10,12,14,14,9,13,15,8
16,17,8,11,11,11,10,14
15,10,12,8,16,10,10,11
10,10,10,10,17,9,12,11
12,15,8,15,13,12,22,14
13,13,9,8,16,8,11,10
8,8,11,12,13,12,16,10
8,6,14,8,16,10,13,8
19,5,10,10,6,12,16,11
9,6,11,10,15,12,10,10
11,10,9,13,11,13,8,7
3,12,12,11,6,15,1,12
12,13,10,15,13,5,12,11
8,11,9,5,8,9,11,11
9,11,8,9,7,8,8,10
13,14,9,11,7,20,9,10
12,14,10,15,10,21,14,16
5,9,12,12,11,8,10,13
11,10,9,6,12,11,8,8
9,8,10,13,16,8,10,8
15,16,9,8,10,11,9,10
11,6,7,10,25,6,8,9
9,6,17,8,9,8,7,6
10,12,11,3,10,6,16,4
9,10,6,11,14,5,13,11
8,10,10,7,12,13,13,7
13,7,10,6,11,6,11,11
10,8,13,14,10,7,7,15
9,13,17,8,2,7,9,12
7,11,3,8,15,10,13,10
6,8,13,9,5,11,12,9
7,9,8,2,9,8,10,7
11,9,7,6,8,16,14,9
14,9,10,13,21,16,11,13
9,5,10,8,15,14,9,5
15,8,8,14,7,7,17,16
19,8,8,10,12,10,10,7
7,6,13,11,12,6,6,11
11,13,9,9,19,9,12,11
10,7,10,12,9,8,11,6
8,15,12,11,12,8,17,21
7,11,16,5,10,7,7,11
9,8,8,8,13,12,13,6
16,15,11,10,16,13,9,12
8,11,12,18,10,10,6,13
8,13,11,8,14,8,8,6
9,11,15,12,5,13,10,8
10,12,10,14,6,5,7,15
16,9,10,10,9,7,11,7
12,11,8,6,7,8,12,13
11,12,18,13,7,12,9,7
4,6,12,8,11,12,6,11
12,9,13,10,8,8,8,6
8,8,5,4,11,10,11,7
9,3,11,9,7,8,6,4
7,8,7,8,8,6,7,5
5,6,6,10,6,9,6,4
6,5,7,2,12,8,10,7
3,6,3,4,5,5,6,8
5,7,4,4,6,10,6,4
6,5,2,4,6,4,5,2
3,6,2,7,7,6,9,7
3,5,5,2,3,2,5,9
3,5,4,5,6,7,0,5
5,3,0,3,5,1,5,6
6,6,3,3,2,9,4,1
7,5,6,4,5,5,5,4
3,5,5,3,4,1,4,3
2,5,5,4,0,3,9,8
5,5,5,3,7,5,6,4
2,2,4,2,4,3,2,5
5,2,3,2,4,6,4,3
4,9,3,3,6,4,2,1
6,3,3,4,4,2,6,4
5,7,3,5,2,1,3,3
5,3,5,7,4,3,6,2
2,3,3,2,3,4,1,6
1,0,7,4,2,4,1,3
5,1,6,3,3,0,5,3
1,2,2,4,3,4,1,5
7,2,5,5,2,4,2,3
7,6,2,3,3,2,5,3
2,3,4,1,0,2,1,2
0,3,2,3,1,0,4,5
2,1,5,3,1,3,1,1
2,5,3,4,2,6,3,2
2,4,3,2,0,3,3,7
3,2,1,2,1,3,1,1
5,6,1,5,3,0,4,6
1,2,3,0,3,3,6,3
2,2,2,4,2,7,4,6
7,5,5,2,9,3,6,3
3,5,2,6,4,8,0,6
4,5,4,6,3,5,4,3
2,8,6,1,3,3,9,7
4,5,4,6,5,5,9,5
4,5,11,2,11,11,10,3
5,5,9,4,4,6,5,4
12,9,4,9,6,11,7,9
4,10,7,3,7,9,13,15
13,9,8,18,14,17,16,17
14,19,19,26,30,25,21,26
30,29,29,48,33,49,46,58
57,55,68,58,60,71,78,69
82,88,86,84,95,95,91,116
122,111,121,116,120,126,139,130
148,126,137,162,137,157,135,176
155,153,153,144,161,161,168,128
148,168,157,141,162,146,140,144
136,140,128,124,115,99,95,99
88,101,86,77,90,75,67,78
49,58,62,63,57,45,42,46
39,49,34,31,35,34,20,28
17,14,13,11,17,12,12,5
13,6,9,10,4,4,6,5
10,4,4,3,4,8,5,2
2,3,0,3,1,4,5,2
4,2,3,1,3,2,3,7
3,5,2,2,3,3,4,2
7,1,1,3,5,1,3,4
2,2,2,0,0,2,4,2
1,5,2,1,2,1,1,3
5,3,3,5,0,4,1,0
