SpectrumName : absorbtion_3,5cm_LLDhoch.SPC
XUnit        : 
YUnit        : 
Length       : 2048
SubSpcNum    : 1
StartSubSpc  : 0
StopSubSpc   : 0
Comment      : 
Realtime     : 306.730
Livetime     : 300.000
Deadtime     : 6.730
Starttime    : 16.03.2016 11:46:19
Stoptime     : 16.03.2016 11:51:26
CalibCoeff   : a=0.000000000E+000 b=0.000000000E+000 c=0.000000000E+000 d=0.000000000E+000
SpectrumText : 0 
0,0,0,0,0,0,0,0
0,0,0,0,0,0,0,0
7,98,118,109,104,80,76,82
79,86,87,80,66,75,84,99
86,100,93,70,75,93,79,117
84,89,95,101,95,88,87,114
109,108,98,93,98,99,72,101
105,90,94,116,93,95,112,81
94,88,88,111,110,99,86,87
102,103,114,110,125,106,105,105
101,103,100,114,100,106,99,107
122,109,124,89,99,110,111,106
115,144,130,107,95,103,112,102
98,117,121,117,121,116,94,112
103,113,119,102,112,98,99,90
122,104,124,107,101,110,102,97
102,105,122,124,111,130,127,97
105,93,123,120,102,126,112,114
127,124,116,122,118,122,111,117
124,116,119,123,116,104,120,100
123,113,123,108,124,118,107,113
131,107,123,106,129,123,105,119
130,126,131,115,133,131,106,123
138,144,122,125,120,141,131,110
121,120,126,141,135,134,118,133
105,115,140,126,129,119,115,140
123,126,117,126,141,126,113,124
128,127,141,135,120,141,139,102
123,130,120,133,127,144,127,137
109,129,144,130,147,140,148,152
138,138,137,136,133,155,139,146
149,145,142,143,136,129,152,141
146,142,152,152,171,137,162,134
120,150,156,152,157,181,136,143
149,149,147,136,162,128,151,138
150,135,131,170,137,151,145,154
121,143,128,130,122,148,125,123
146,158,136,139,158,147,129,143
138,123,129,138,112,145,139,144
145,131,143,164,133,155,117,117
108,125,135,146,128,140,140,109
136,138,145,143,154,145,127,124
142,116,116,142,116,158,138,153
133,118,125,128,146,135,135,136
113,145,122,135,131,128,139,129
131,129,131,126,157,134,129,128
124,132,113,132,125,117,115,126
134,123,128,128,144,127,131,150
111,142,134,128,129,122,135,128
111,134,132,159,118,115,152,130
153,135,138,145,149,134,131,149
146,122,127,131,127,133,107,141
138,146,149,142,139,122,132,128
133,131,127,126,123,124,136,130
110,146,136,126,114,122,143,124
124,143,148,150,118,137,131,157
151,144,143,117,126,139,140,148
144,145,110,129,117,132,146,135
115,132,101,139,144,128,125,131
136,102,134,133,129,127,117,138
119,122,135,138,139,145,126,120
133,137,135,167,96,142,106,129
164,129,123,127,133,137,147,136
130,138,128,129,140,130,132,149
123,132,138,119,122,117,112,115
141,127,116,119,122,127,129,135
127,137,124,135,128,154,125,109
145,144,140,141,128,106,127,145
132,122,134,110,137,132,133,145
146,131,122,123,128,147,139,140
131,127,123,140,120,143,119,124
160,142,130,135,128,134,136,120
141,131,134,117,127,130,145,138
153,133,125,152,138,132,134,136
147,156,124,134,118,154,135,154
148,140,130,168,148,137,130,133
139,144,123,158,131,136,139,141
163,160,151,136,149,167,150,158
153,147,144,177,132,158,162,131
148,132,153,152,157,148,151,180
171,147,163,153,154,163,157,157
167,157,161,137,138,157,149,162
170,144,171,159,166,157,123,191
166,145,157,157,137,155,168,155
157,168,158,138,147,146,161,157
154,145,111,153,138,148,156,161
134,155,134,154,163,164,141,162
157,143,153,151,130,138,167,146
150,145,138,157,152,144,141,134
141,156,157,133,119,151,132,126
131,158,142,112,136,126,127,134
151,132,131,147,122,139,121,134
130,151,140,121,142,125,126,135
112,137,107,119,123,136,117,143
125,141,137,121,142,142,121,126
142,110,122,150,113,130,113,127
107,124,121,143,123,134,149,154
132,121,119,141,116,140,136,129
140,129,126,115,136,145,137,111
151,136,139,109,163,114,108,126
139,99,125,107,142,120,105,139
114,142,160,131,133,130,123,106
141,122,116,116,126,111,131,103
108,128,124,147,125,139,105,114
132,121,103,126,124,119,106,112
135,111,127,143,133,111,130,115
114,103,121,107,138,135,133,108
122,138,118,112,121,119,131,154
145,121,118,128,120,120,117,117
135,117,132,106,125,129,111,113
123,126,106,137,112,108,111,129
120,123,121,132,123,125,121,116
155,137,106,119,105,110,121,100
110,114,120,119,104,132,124,144
140,120,103,117,111,128,108,124
113,147,96,127,121,130,126,126
121,94,130,136,120,122,124,119
144,116,144,113,102,136,125,120
142,127,136,118,113,118,112,110
127,102,117,123,125,110,134,139
124,116,107,118,112,126,95,119
112,120,121,115,126,104,114,107
111,130,117,127,105,106,140,113
121,105,124,108,127,144,123,112
106,130,116,117,128,127,112,135
118,129,118,104,108,107,95,106
114,128,124,108,125,103,114,103
100,135,136,115,124,101,100,122
107,133,134,122,120,112,118,112
105,100,121,98,117,131,127,123
112,117,109,140,105,124,113,114
123,105,112,131,106,113,114,139
110,106,108,108,141,115,119,101
121,108,122,105,124,115,110,113
120,122,121,118,98,121,104,120
118,101,127,121,117,124,131,133
128,118,130,114,130,115,121,142
94,127,119,124,117,133,118,109
103,111,112,132,119,109,117,132
112,130,104,98,118,122,117,125
130,106,132,125,125,123,139,132
106,135,110,109,135,117,120,116
117,110,141,109,128,105,133,96
103,100,106,107,104,119,120,108
113,122,126,114,115,124,134,135
134,116,127,114,116,118,86,119
129,110,125,124,111,118,113,110
128,118,133,138,127,138,125,118
118,114,128,103,125,124,100,102
117,122,97,133,122,123,119,111
132,115,129,130,132,122,122,124
105,127,123,120,114,126,120,109
130,129,132,123,114,132,133,120
124,113,141,126,105,144,128,121
134,144,138,127,126,133,112,113
121,129,117,117,121,134,109,126
127,142,135,123,130,133,125,138
125,135,138,140,134,150,103,127
138,132,137,130,142,142,134,132
115,136,129,135,105,117,114,134
143,127,120,121,126,150,122,145
158,151,120,130,127,139,131,143
131,145,137,137,141,149,140,143
133,135,147,133,146,123,129,137
128,128,121,130,128,115,141,143
132,147,131,140,139,145,129,121
141,141,142,141,146,123,150,138
144,139,150,140,148,120,132,147
131,148,150,141,141,156,150,149
137,130,153,125,150,146,168,134
158,146,143,168,160,153,155,174
148,134,153,126,140,139,137,142
143,149,131,140,139,152,156,131
163,169,161,164,141,145,154,145
142,128,148,147,134,158,157,143
159,160,143,143,185,143,158,146
127,150,123,134,132,139,142,128
130,149,163,159,154,140,173,141
137,130,143,152,169,153,161,140
131,150,164,157,140,150,165,132
147,132,133,134,156,140,139,143
152,156,154,130,139,142,136,152
127,167,127,143,117,140,141,135
149,136,143,132,131,149,121,121
120,137,122,139,117,128,136,110
108,129,109,118,102,128,103,115
124,124,112,121,123,97,89,91
98,125,99,108,102,82,87,106
98,119,91,103,88,92,84,84
86,84,96,94,102,87,99,76
103,79,90,79,64,66,69,82
76,76,81,70,73,89,75,69
66,72,79,56,67,55,63,70
58,59,62,60,47,55,74,63
61,74,56,64,46,33,43,69
55,53,53,52,49,48,45,45
40,41,40,46,49,51,41,47
49,42,44,44,45,42,46,41
41,42,43,31,53,57,44,44
46,44,37,40,33,46,39,36
51,35,36,51,33,31,28,44
31,42,39,32,39,39,49,31
39,33,41,31,42,34,44,32
23,42,39,33,31,29,26,22
37,38,32,28,33,31,29,23
24,36,29,39,44,30,31,24
21,26,21,23,29,36,30,30
25,26,34,34,26,26,22,29
38,20,28,32,36,31,16,23
19,33,35,25,25,18,29,29
22,25,27,18,32,20,22,20
27,23,25,23,30,26,23,24
26,19,32,22,25,16,22,15
28,22,27,19,26,19,22,34
26,32,22,32,30,22,21,26
24,23,28,21,29,17,29,26
27,18,17,26,17,28,22,23
31,32,23,22,28,30,20,32
24,19,33,25,24,23,22,19
26,29,23,17,29,21,18,25
24,23,21,17,32,34,31,26
33,23,28,20,30,25,29,39
28,30,27,26,41,35,47,31
33,33,20,41,32,24,29,35
32,35,34,34,29,26,31,36
33,39,35,40,44,36,38,34
43,42,34,40,33,34,30,51
47,30,42,46,38,44,44,45
34,42,40,42,48,53,42,49
34,47,51,54,51,61,51,57
78,70,62,68,78,65,69,88
73,88,89,73,109,94,114,134
126,116,147,147,165,171,195,196
188,230,254,260,307,304,335,369
360,409,437,508,484,523,601,611
660,678,745,771,824,874,901,1009
1025,1113,1132,1212,1263,1398,1372,1483
1522,1504,1677,1758,1782,1813,1988,1996
2120,2094,2232,2253,2321,2468,2421,2418
2501,2508,2528,2662,2597,2607,2760,2697
2764,2656,2753,2756,2678,2670,2622,2599
2573,2502,2509,2487,2358,2439,2271,2170
2116,2100,1907,1882,1710,1777,1689,1537
1537,1472,1363,1343,1245,1208,1083,1028
923,890,787,768,715,628,593,527
559,442,420,403,365,313,300,243
225,193,167,164,148,143,111,106
101,84,71,51,60,52,37,37
29,29,18,17,24,10,16,13
14,16,9,10,3,8,10,8
3,6,9,7,9,3,6,4
2,5,8,5,4,2,5,4
8,4,5,2,5,4,1,4
6,1,4,4,5,1,2,1
2,8,5,2,5,4,6,1
2,8,0,3,1,3,4,0
