SpectrumName : absorbtion_2,5cmBlei+1cmAlu_LLDhoch.SPC
XUnit        : 
YUnit        : 
Length       : 2048
SubSpcNum    : 1
StartSubSpc  : 0
StopSubSpc   : 0
Comment      : 
Realtime     : 317.316
Livetime     : 300.000
Deadtime     : 17.316
Starttime    : 16.03.2016 12:16:59
Stoptime     : 16.03.2016 12:22:16
CalibCoeff   : a=0.000000000E+000 b=0.000000000E+000 c=0.000000000E+000 d=0.000000000E+000
SpectrumText : 0 
0,0,0,0,0,0,0,0
0,0,0,0,0,0,0,1
20,276,303,257,216,225,207,214
193,234,226,206,224,222,222,233
237,234,230,238,215,239,227,220
273,233,222,247,193,243,262,237
239,249,246,218,254,237,262,268
224,244,234,229,223,279,236,248
302,226,241,246,237,252,276,234
260,270,249,237,277,262,266,257
259,245,251,242,245,290,273,243
275,254,277,254,271,272,269,258
268,285,278,296,259,252,267,278
293,255,259,278,292,266,256,281
267,265,298,260,302,280,253,252
278,255,265,272,298,292,272,300
269,281,295,291,272,285,301,296
289,267,294,289,286,281,309,291
292,271,284,293,313,301,314,308
295,279,281,303,299,268,247,303
314,298,300,265,297,303,300,281
291,267,281,316,293,283,305,300
285,303,275,285,309,320,268,268
266,292,258,296,294,295,284,308
291,278,296,291,286,266,289,278
300,271,304,319,286,294,277,327
294,292,306,267,324,279,275,328
302,293,330,301,270,291,273,295
318,302,305,317,284,295,299,305
298,316,317,300,312,263,303,308
272,289,313,290,314,320,310,362
277,327,310,330,332,332,335,316
338,327,336,314,320,310,336,350
318,316,341,317,320,356,310,316
304,315,342,357,323,332,351,319
295,306,312,324,326,291,302,307
309,313,311,295,314,311,329,316
301,281,335,316,284,331,290,328
324,309,308,321,310,325,312,321
327,333,298,304,287,306,345,353
300,303,299,311,293,327,318,296
325,308,298,302,307,316,285,302
316,313,297,275,307,313,298,339
330,283,284,305,281,320,287,315
298,300,265,334,276,298,317,301
303,312,300,298,312,270,319,273
287,303,268,310,325,286,302,305
330,297,309,265,296,265,281,280
288,310,295,319,283,298,313,295
327,303,299,317,297,307,316,332
294,287,313,299,273,318,286,318
306,302,318,308,293,315,295,317
308,302,307,301,339,285,300,327
305,296,282,306,315,315,306,295
306,321,281,300,307,298,293,303
271,282,310,288,316,288,327,334
298,310,308,308,290,311,295,320
320,317,292,335,337,299,279,293
312,309,285,346,298,315,317,318
331,264,307,339,284,272,308,313
313,306,308,306,307,309,306,335
332,321,320,310,320,321,337,305
304,292,308,322,296,338,312,300
317,308,297,336,334,303,319,308
296,311,301,330,324,335,327,311
335,318,323,281,327,330,313,316
307,333,323,305,281,312,319,326
345,322,304,300,325,324,308,330
289,297,312,317,328,328,366,301
315,309,312,301,334,328,324,326
308,359,299,321,320,337,342,321
347,344,319,329,330,304,346,278
303,315,319,339,317,308,320,324
308,352,314,341,346,316,321,311
326,351,342,314,324,302,325,330
340,349,344,338,351,342,340,338
327,317,348,350,340,359,357,337
339,353,355,364,361,359,380,344
337,362,364,348,353,418,363,366
350,380,391,371,359,384,358,360
352,421,378,395,405,392,404,359
362,371,399,382,391,385,399,394
371,385,387,390,355,371,391,385
387,386,407,379,360,365,349,385
382,384,365,367,362,389,389,426
367,364,351,330,347,350,375,367
386,367,362,345,358,364,369,364
393,376,364,322,331,336,357,384
336,367,329,361,335,344,337,352
357,328,348,338,306,308,311,329
349,318,328,324,324,355,335,350
357,334,348,337,345,361,309,312
327,325,357,340,328,322,356,305
325,359,316,306,319,323,301,323
319,312,320,317,322,321,309,320
341,304,302,333,328,325,301,371
328,299,314,372,320,318,317,305
319,343,318,291,298,329,320,335
334,310,309,326,301,325,292,302
298,319,337,305,330,328,307,320
289,276,310,309,324,314,305,318
341,324,316,321,315,314,292,307
325,309,289,320,287,338,311,304
291,291,298,314,320,304,314,357
317,322,321,346,307,292,318,313
297,298,300,313,308,293,323,312
310,296,301,280,299,307,294,271
320,311,297,313,291,306,266,313
312,320,277,306,258,278,285,306
326,326,285,287,302,310,296,302
313,314,292,276,326,291,296,284
288,301,282,298,282,299,314,287
294,288,309,289,284,290,274,298
312,306,302,269,302,306,296,304
320,325,292,289,335,268,300,288
290,286,304,310,291,313,325,320
310,315,307,297,303,308,309,314
316,303,290,313,286,297,280,312
350,300,310,301,295,265,310,310
313,308,319,318,328,313,291,331
277,299,324,320,297,297,276,298
302,317,309,294,303,285,292,311
329,296,287,332,242,261,300,301
310,285,309,266,305,323,286,318
298,291,289,329,286,288,281,311
304,301,324,306,319,297,298,277
268,284,316,289,334,301,298,305
279,295,279,304,304,301,259,301
268,280,293,305,282,311,280,302
280,327,307,334,331,298,306,293
277,312,321,320,321,307,281,318
305,328,302,316,273,291,330,299
316,290,313,264,299,289,320,288
298,273,314,317,306,323,284,291
310,314,312,297,303,310,260,302
321,322,303,282,305,306,300,304
289,302,296,327,292,291,281,273
319,296,303,307,316,294,279,304
281,269,311,292,329,291,275,293
314,306,308,267,342,331,267,288
312,320,282,290,287,292,342,283
326,267,303,321,291,337,288,295
337,302,315,307,288,310,304,295
302,271,295,318,304,322,286,296
321,305,321,307,305,323,310,304
290,344,286,309,296,301,304,283
314,297,302,323,288,327,311,312
317,305,286,290,309,304,299,335
273,269,279,301,326,307,311,329
304,318,300,317,346,343,307,298
316,316,313,304,296,334,324,296
311,320,304,309,298,324,288,329
334,319,320,282,318,332,317,291
321,303,319,295,300,313,310,327
349,336,345,294,298,322,317,312
368,305,298,310,316,293,333,352
340,305,331,306,336,340,296,284
335,321,313,352,322,345,321,310
367,311,354,361,361,313,348,322
326,319,328,329,329,346,319,291
301,313,327,311,331,329,326,353
328,356,352,317,331,356,334,359
333,314,342,369,348,336,317,379
340,358,356,346,341,343,333,368
334,355,340,344,371,342,346,356
339,348,351,332,393,332,354,360
342,342,326,333,358,329,351,362
393,362,397,351,361,342,359,336
378,354,391,362,366,335,375,375
347,364,386,381,364,347,375,372
372,336,365,327,380,383,359,370
351,353,363,363,380,366,340,371
385,362,388,371,360,400,386,404
414,365,390,349,367,379,378,413
383,377,396,382,375,404,411,391
380,392,362,404,403,361,370,373
388,369,384,402,370,359,404,390
408,401,384,366,392,396,379,386
434,367,381,372,378,386,331,394
382,366,402,383,399,379,394,366
341,381,387,398,394,370,358,409
335,348,362,393,393,368,392,374
386,355,415,392,369,359,363,356
386,353,388,355,360,351,346,351
349,359,331,326,347,323,328,357
335,312,336,319,345,314,360,316
317,324,299,301,324,308,308,276
305,301,281,282,268,291,312,319
277,275,257,264,254,278,281,240
271,268,260,273,242,215,256,237
216,214,239,251,223,231,209,222
221,236,216,210,193,181,210,194
181,186,182,170,180,164,182,161
192,165,159,165,174,168,172,188
152,163,194,153,175,172,146,154
149,166,129,124,125,153,123,132
121,158,152,148,147,164,128,145
118,143,142,132,117,120,123,121
152,120,109,112,111,107,120,115
135,128,113,115,108,120,124,113
109,108,113,113,120,99,128,112
81,104,96,109,108,103,81,112
111,98,110,102,98,93,94,93
90,92,101,92,92,88,91,103
100,97,106,100,90,96,87,85
94,89,84,75,90,78,83,73
92,81,97,77,87,82,77,90
66,77,84,82,77,90,65,78
92,86,92,67,72,73,97,81
78,84,79,71,64,85,79,80
78,75,68,85,81,94,82,73
95,79,69,78,73,79,74,72
87,79,73,78,78,62,85,84
78,49,76,76,67,81,75,79
72,82,65,74,77,73,70,82
70,69,73,84,81,80,67,60
69,76,78,80,73,84,67,77
78,71,83,87,79,93,71,81
81,82,68,81,82,84,63,76
80,80,81,71,79,68,70,73
89,94,87,68,86,95,99,76
83,83,95,87,90,89,83,89
92,83,86,81,92,96,103,90
100,109,84,92,95,102,111,93
113,100,120,88,103,107,131,108
98,110,123,106,104,89,126,109
101,120,119,107,124,148,105,107
109,127,117,131,122,134,129,119
125,153,161,137,154,137,167,154
163,165,167,181,165,192,187,188
204,185,180,196,218,248,220,270
285,284,304,324,310,358,330,374
418,406,436,450,527,508,567,603
633,690,767,804,846,848,929,1038
1076,1172,1227,1328,1430,1498,1528,1689
1787,1845,1964,2103,2276,2469,2511,2647
2756,2865,3148,3228,3294,3593,3715,3858
4010,4145,4369,4591,4771,4779,4984,5268
5392,5467,5728,5757,5908,6055,6165,6283
6329,6514,6494,6752,6678,6662,6869,7000
6774,6853,6852,6803,6966,6714,6534,6535
6456,6391,6245,6056,5963,5946,5718,5575
5479,5273,4903,4818,4668,4408,4169,4124
4029,3814,3527,3317,3106,2903,2610,2636
2461,2324,2023,1971,1802,1670,1558,1405
1269,1191,1076,975,917,819,751,678
551,545,481,423,394,349,314,308
243,232,178,176,155,118,133,96
87,75,67,66,52,45,48,40
33,41,30,32,23,22,25,21
21,18,20,12,12,17,19,15
12,15,10,11,20,12,21,13
12,11,6,13,10,17,9,11
13,19,10,8,9,16,14,11
12,15,8,13,9,18,11,17
11,13,13,14,14,15,17,0
