SpectrumName : absorbtion_5cm.SPC
XUnit        : 
YUnit        : 
Length       : 2048
SubSpcNum    : 1
StartSubSpc  : 0
StopSubSpc   : 0
Comment      : 
Realtime     : 301.417
Livetime     : 300.000
Deadtime     : 1.417
Starttime    : 16.03.2016 11:16:10
Stoptime     : 16.03.2016 11:21:12
CalibCoeff   : a=0.000000000E+000 b=0.000000000E+000 c=0.000000000E+000 d=0.000000000E+000
SpectrumText : 0 
0,46,50,26,20,11,12,14
19,13,14,17,18,14,17,16
15,12,20,21,19,23,14,18
15,23,30,21,20,20,24,19
18,11,21,28,12,16,20,9
27,19,13,26,16,19,22,17
15,24,23,19,17,16,21,25
20,26,23,13,21,19,12,17
16,21,14,22,23,21,27,19
16,25,18,22,23,17,32,20
24,24,26,16,17,24,15,30
21,16,22,14,25,21,25,15
20,26,24,23,23,24,23,24
27,15,25,23,25,29,26,24
24,20,28,23,33,24,19,33
28,25,20,25,26,23,21,23
15,32,16,24,31,29,23,33
30,32,27,25,26,30,23,26
18,29,24,24,35,33,24,29
29,33,25,29,18,32,36,26
25,42,30,37,29,34,35,32
29,25,25,30,30,31,32,27
38,21,33,30,46,28,39,28
33,33,24,40,28,41,31,37
30,32,37,21,33,45,37,36
47,44,38,38,33,37,43,41
37,31,47,25,46,40,31,31
48,26,37,28,50,40,36,36
33,41,44,46,28,51,41,40
56,46,39,47,50,31,46,35
55,50,53,42,45,44,46,48
61,48,65,50,57,65,56,55
58,40,49,57,65,63,60,50
57,52,69,63,58,57,63,76
52,51,58,53,55,44,60,54
46,53,36,57,74,46,48,60
50,54,44,45,58,51,59,46
40,71,67,52,54,42,58,53
59,52,55,65,60,45,45,55
61,55,53,46,48,48,52,40
55,54,54,48,42,50,46,48
39,50,48,44,33,42,51,46
58,52,39,37,38,44,50,50
39,37,45,37,31,43,42,50
35,45,36,44,34,30,53,48
54,48,48,38,39,43,39,43
48,43,41,36,38,29,41,41
41,51,53,51,39,47,43,44
39,50,48,43,42,40,50,41
46,34,43,41,38,38,39,42
42,46,40,47,62,37,41,42
43,39,47,47,59,43,36,33
49,44,47,46,42,34,48,56
40,44,63,48,37,44,48,34
35,40,41,43,47,51,34,44
35,45,43,38,40,39,48,38
43,36,32,47,32,36,38,36
38,49,56,35,45,49,46,44
31,28,34,50,24,51,48,34
30,46,42,43,35,33,60,54
37,43,31,41,47,36,40,46
42,40,43,30,33,40,52,38
41,27,43,46,40,40,47,40
37,29,39,51,53,39,33,38
31,34,43,33,46,30,36,48
40,37,48,35,36,47,39,45
40,47,38,40,33,37,36,38
38,35,47,45,34,43,36,36
34,49,35,36,32,40,33,34
30,47,36,42,34,45,37,24
34,36,37,33,29,36,32,35
27,39,38,40,27,32,34,39
37,40,53,39,44,31,40,28
42,42,50,42,45,34,42,36
32,43,29,35,31,31,41,32
34,42,40,44,32,37,38,26
38,31,36,42,38,37,51,52
39,46,37,49,35,39,37,29
34,62,42,31,34,52,47,30
44,35,35,33,37,41,34,38
38,39,36,36,51,42,48,39
46,46,36,44,37,36,45,36
46,36,38,47,36,44,42,42
40,29,46,39,32,38,42,30
37,39,33,38,45,37,25,41
19,34,37,40,39,33,43,37
39,43,39,31,36,46,29,46
39,33,37,44,25,37,32,37
44,48,34,43,31,27,35,43
38,35,32,31,35,36,27,43
33,44,33,40,39,37,26,34
23,37,32,28,35,25,40,31
26,35,40,24,31,30,39,44
30,33,42,27,29,35,42,25
29,28,34,38,39,37,31,38
39,29,28,31,30,37,27,29
28,30,30,32,27,30,24,28
24,28,39,24,25,29,20,33
40,38,37,42,27,24,36,35
27,36,33,33,34,34,26,38
27,29,35,28,43,24,31,29
30,30,33,32,33,30,28,15
27,37,29,22,34,30,23,33
25,25,37,35,31,25,26,25
31,35,31,33,29,20,34,30
26,26,31,31,25,27,26,25
23,31,32,34,30,29,32,25
26,29,16,39,34,22,28,28
23,30,21,27,26,26,35,24
38,17,37,27,37,25,25,27
24,23,23,21,31,24,29,32
20,23,40,23,26,26,26,26
25,32,38,32,32,26,28,32
29,23,35,29,27,29,34,23
36,27,24,36,36,30,19,19
34,22,23,30,23,19,23,26
24,25,22,20,35,21,30,32
23,27,22,14,32,17,29,30
27,18,23,23,33,18,27,25
28,21,25,23,33,25,29,21
24,32,31,26,20,26,23,21
37,18,17,34,24,31,18,28
33,20,23,28,27,24,15,27
35,18,20,21,29,20,16,32
23,26,28,25,29,18,33,28
26,35,27,26,19,24,28,26
26,19,31,32,27,26,28,24
18,35,30,24,22,21,20,23
26,35,28,24,25,18,30,33
30,32,29,26,22,28,20,25
24,20,25,24,26,30,17,19
27,23,22,17,20,25,20,42
21,13,22,25,18,17,22,19
23,21,28,15,24,34,21,24
42,26,25,27,18,28,28,23
19,28,21,23,14,26,29,24
17,27,29,28,29,19,23,22
22,18,33,27,22,25,26,25
19,35,27,26,36,29,20,29
24,28,21,27,36,27,16,30
30,24,18,32,31,25,27,20
19,20,29,24,26,31,26,25
15,28,21,27,34,29,23,23
23,25,32,27,35,31,25,43
33,24,31,20,20,26,29,24
25,24,23,33,24,28,30,25
22,19,29,26,23,22,27,17
20,26,26,17,26,25,27,22
32,22,17,20,39,18,31,27
24,29,19,25,26,11,35,18
28,28,27,25,23,32,31,27
34,22,23,26,19,25,30,25
21,21,17,22,26,23,35,31
25,31,20,26,31,22,24,27
30,22,25,20,24,23,22,23
27,22,23,35,16,20,23,21
25,28,22,24,23,22,27,23
24,32,37,22,30,25,17,15
27,24,18,30,24,21,30,16
24,13,11,26,28,25,28,27
26,40,23,19,27,25,19,18
27,23,27,22,22,32,29,23
26,25,27,28,25,29,19,36
30,34,22,25,24,21,33,26
28,30,24,27,18,25,35,31
31,26,28,26,22,25,31,19
22,28,25,24,32,29,18,32
25,26,31,30,24,31,33,28
20,22,28,25,32,25,27,35
27,23,39,26,22,26,27,35
29,27,19,34,23,32,21,36
25,32,25,24,38,28,23,24
28,24,28,28,15,41,23,22
29,25,25,25,34,23,30,21
29,34,27,18,33,28,38,31
34,37,28,29,28,36,17,31
27,32,21,32,26,25,21,27
36,35,36,24,42,29,31,28
34,24,25,40,33,31,28,36
19,23,26,29,38,30,34,29
16,35,24,26,29,17,33,27
27,33,32,34,28,21,23,17
32,25,24,22,22,34,27,31
22,25,25,28,27,26,19,21
30,24,26,28,23,22,35,27
21,16,28,19,22,25,19,20
16,21,18,21,20,31,22,22
19,17,20,25,22,12,23,22
16,22,15,19,16,19,18,25
13,23,18,18,27,18,13,18
15,14,20,16,14,21,8,15
13,9,11,13,16,10,14,14
13,9,12,9,12,21,18,17
9,11,16,16,14,12,13,13
8,11,16,13,6,9,13,15
10,11,16,10,9,13,7,8
15,8,9,11,9,6,14,10
10,11,15,9,7,8,10,8
5,9,3,8,9,10,5,12
7,8,11,5,6,17,3,15
5,7,6,5,12,9,6,9
13,12,10,3,3,11,6,15
12,10,10,10,9,3,9,5
11,4,10,12,9,8,6,4
3,7,7,8,10,4,1,4
6,8,8,5,8,15,8,11
3,9,6,8,6,5,10,3
9,6,3,8,5,3,3,6
2,6,7,8,7,5,5,4
6,4,4,9,8,4,6,5
4,9,4,2,6,5,8,7
3,4,5,5,8,5,1,6
7,1,3,6,3,11,4,4
6,7,6,3,5,4,6,3
5,8,1,5,8,5,5,6
1,5,6,4,6,6,1,2
3,5,11,5,4,7,8,3
7,4,2,2,4,6,7,10
5,4,6,6,5,8,5,5
8,5,5,5,5,7,10,6
6,10,6,5,7,5,7,6
10,11,6,4,2,7,7,3
5,7,8,7,6,6,7,12
10,5,7,7,4,4,9,8
4,7,4,3,7,9,11,8
7,6,6,8,9,4,4,9
5,8,5,2,11,15,7,11
3,9,8,8,10,15,10,14
10,5,10,9,6,10,12,9
14,13,13,11,8,13,10,10
8,9,8,7,6,14,12,13
12,19,16,20,13,14,13,17
20,15,25,16,22,29,19,29
30,29,38,38,45,47,50,55
61,53,78,64,69,71,75,108
113,84,129,112,128,133,144,147
154,149,172,170,219,182,236,229
252,282,245,269,297,335,326,337
328,359,371,401,378,401,418,429
427,472,462,465,505,489,450,534
470,483,505,497,484,461,494,482
470,488,500,422,455,449,431,443
418,429,387,416,377,362,312,343
323,315,280,264,273,231,243,225
204,156,186,199,143,122,132,133
122,121,106,112,85,67,64,68
60,54,44,29,45,31,31,28
32,17,21,17,23,11,18,20
8,5,8,8,6,6,8,4
6,3,4,4,3,4,3,3
3,5,5,1,5,0,2,2
3,2,5,3,1,3,2,3
4,3,2,1,1,1,5,0
3,1,2,1,2,3,1,3
6,1,2,4,3,0,2,1
1,3,2,1,1,3,1,0
