SpectrumName : absorbtion_4,5cm_LLDhoch.SPC
XUnit        : 
YUnit        : 
Length       : 2048
SubSpcNum    : 1
StartSubSpc  : 0
StopSubSpc   : 0
Comment      : 
Realtime     : 302.284
Livetime     : 300.000
Deadtime     : 2.284
Starttime    : 16.03.2016 11:39:43
Stoptime     : 16.03.2016 11:44:45
CalibCoeff   : a=0.000000000E+000 b=0.000000000E+000 c=0.000000000E+000 d=0.000000000E+000
SpectrumText : 0 
0,0,0,0,0,0,0,0
0,0,0,0,0,0,0,0
2,36,41,27,31,27,42,32
30,25,31,20,23,30,17,28
27,22,33,29,35,23,34,27
32,37,34,34,20,33,29,32
29,44,40,30,34,31,32,35
31,45,27,22,46,31,30,40
35,36,35,36,33,35,37,36
33,31,33,36,42,40,36,37
44,30,30,45,31,35,46,39
39,37,41,38,32,39,36,51
48,44,27,40,34,38,45,42
49,37,29,33,45,33,42,38
43,47,41,40,37,45,33,43
48,44,44,45,40,42,48,37
39,31,43,32,41,45,36,35
46,30,69,34,40,44,37,45
48,45,42,53,46,32,49,46
37,48,35,62,52,40,47,59
46,42,36,38,37,38,45,45
47,42,38,63,60,36,40,52
41,53,55,53,46,61,41,50
43,52,65,44,62,33,45,57
52,51,43,53,48,51,50,52
40,49,64,55,58,47,54,48
78,44,62,48,47,61,57,59
56,49,66,64,46,53,55,58
51,42,53,40,54,54,61,53
48,40,60,76,59,68,55,63
62,61,60,52,58,60,54,70
57,50,68,84,73,65,73,78
66,67,64,68,61,80,72,96
88,78,81,78,86,78,79,67
60,77,63,68,75,52,64,61
62,59,72,63,62,68,73,77
71,66,66,67,55,56,59,78
73,59,52,62,60,57,71,72
61,75,72,64,67,86,49,61
67,79,57,75,76,50,60,50
51,57,75,61,62,50,55,56
79,65,61,57,66,60,56,57
51,71,44,60,64,50,62,48
53,67,59,66,68,66,64,43
51,75,67,70,58,70,48,60
54,60,66,66,57,67,49,60
60,59,55,76,64,58,49,45
43,50,54,63,55,57,56,53
56,72,79,73,59,60,63,66
59,56,51,56,66,51,52,53
58,52,52,54,62,62,57,42
52,62,47,73,61,61,52,58
58,57,55,56,68,54,53,62
53,48,58,54,68,62,60,64
60,63,66,46,60,57,38,69
59,49,56,62,52,51,51,49
61,68,47,71,58,48,55,58
59,55,54,59,56,60,57,59
49,61,53,58,60,61,55,61
63,55,53,65,56,46,69,56
33,78,56,58,46,67,48,57
51,57,54,62,53,60,57,49
67,61,53,61,70,56,48,58
50,66,55,55,56,44,59,47
55,49,47,51,56,50,48,62
53,60,58,51,46,54,54,54
60,50,53,51,48,67,47,46
50,59,52,45,54,53,51,39
60,54,55,51,47,66,53,62
49,54,63,53,70,52,52,57
42,43,42,46,44,56,45,44
50,60,58,61,55,56,46,49
63,45,43,56,57,46,60,52
48,58,56,55,58,50,55,58
56,57,53,61,69,42,65,40
56,54,59,46,64,57,65,56
45,52,50,56,52,54,60,67
65,56,59,58,54,58,67,55
81,54,48,60,68,51,58,65
66,57,53,53,56,56,75,60
58,59,68,59,49,48,58,56
56,51,62,59,70,52,69,62
56,56,43,57,51,62,55,38
46,46,55,70,69,58,53,56
55,50,42,56,48,49,49,71
42,57,54,48,52,59,60,58
52,59,66,46,65,58,56,50
51,44,62,59,54,57,43,60
41,46,46,42,50,55,47,43
58,56,53,63,41,45,54,54
54,60,51,46,54,64,50,54
43,42,40,43,44,35,63,50
53,40,37,50,55,39,51,54
46,43,64,49,35,47,44,58
38,61,50,53,61,47,40,41
47,40,41,48,48,51,42,53
53,42,51,54,47,35,39,37
52,46,45,55,48,49,42,50
62,47,44,62,52,42,46,43
51,38,48,48,35,49,44,58
42,43,52,42,51,37,33,56
46,47,41,65,44,47,33,45
53,59,49,55,43,44,53,36
49,59,41,40,43,47,51,46
33,53,46,48,46,47,43,52
42,52,36,43,31,41,47,50
45,52,37,32,36,44,44,40
40,42,38,45,44,41,46,33
44,42,45,40,28,54,48,38
41,44,47,35,45,53,41,50
42,43,42,37,48,39,39,47
39,46,39,38,39,30,37,46
32,31,35,33,42,51,45,47
40,45,39,43,49,42,42,51
41,52,51,40,42,36,46,48
35,38,44,47,38,38,39,36
36,42,52,43,43,48,39,51
46,40,39,37,53,32,44,39
32,43,42,40,38,45,54,36
43,37,38,34,49,33,37,46
28,37,44,38,50,38,31,47
35,51,50,49,45,41,47,42
55,34,38,36,36,33,40,45
39,50,52,57,37,37,40,34
50,40,38,50,38,42,34,35
37,34,42,49,42,34,49,38
39,28,38,32,45,29,31,42
38,48,48,38,36,39,64,29
43,42,37,28,37,44,46,31
29,30,49,38,48,39,46,56
46,50,29,43,47,53,36,39
42,41,45,35,44,55,40,24
40,20,39,55,29,49,40,38
41,38,36,38,39,28,40,44
37,34,43,30,31,42,50,45
50,42,43,38,47,37,40,38
49,44,32,46,35,34,45,51
28,33,34,36,48,46,34,45
40,42,47,39,43,46,42,43
42,43,37,47,46,36,42,43
41,33,37,42,32,51,34,38
40,46,33,37,40,33,51,46
41,47,32,42,42,43,37,47
45,36,35,40,41,42,38,36
39,41,44,40,41,39,44,38
37,39,31,37,37,42,49,45
46,47,37,45,47,43,35,47
42,46,51,46,32,40,42,49
46,40,27,26,45,36,42,34
36,38,38,54,48,36,42,59
39,41,33,45,42,36,37,40
59,40,43,36,38,42,37,32
40,46,47,42,36,39,32,48
34,33,35,46,44,43,40,36
40,47,38,36,35,37,27,40
30,51,57,44,46,44,38,48
47,44,45,45,55,45,56,50
44,37,33,40,24,46,42,39
41,38,46,36,38,42,38,41
46,40,41,45,59,45,51,33
42,44,32,52,44,39,33,44
35,47,36,48,37,52,40,46
37,53,50,50,46,44,42,50
41,43,54,44,32,51,39,43
43,56,44,39,52,42,32,33
48,56,46,52,37,54,44,51
37,40,49,51,42,55,41,48
43,45,46,38,44,52,50,37
47,45,50,48,42,49,44,52
39,45,45,53,53,32,52,61
56,51,43,40,50,53,42,48
51,42,42,49,63,44,31,40
54,57,41,48,55,47,52,46
47,53,58,44,45,50,53,42
58,39,36,65,49,50,38,41
44,53,52,51,47,48,50,54
44,36,46,35,53,55,46,45
52,52,48,52,50,45,41,49
53,44,47,45,47,53,56,44
58,39,34,43,38,43,39,57
44,36,56,45,39,35,51,57
44,48,43,44,42,39,49,47
41,39,45,40,45,47,37,46
50,38,41,47,43,41,43,35
45,40,39,47,37,36,47,30
35,41,34,30,44,36,45,34
32,31,42,17,27,33,25,28
35,45,37,30,34,33,24,28
31,30,31,39,31,36,29,26
24,29,30,25,17,29,30,23
19,27,22,20,19,31,21,21
34,22,22,28,26,21,20,18
15,15,27,10,19,18,22,10
23,20,21,22,19,12,20,16
16,15,21,16,22,18,24,12
16,13,19,20,18,13,20,13
18,22,19,15,9,14,19,13
13,17,13,20,10,10,11,13
14,11,14,8,21,12,9,11
9,15,16,11,7,17,9,17
18,10,16,13,9,9,12,15
14,15,14,12,13,10,8,16
14,15,5,11,12,8,12,7
14,22,13,11,6,7,17,15
9,13,6,9,13,11,12,8
9,13,15,12,10,12,11,8
8,11,15,7,6,8,8,12
12,10,16,13,13,7,13,7
11,6,10,9,10,7,8,6
7,12,8,7,7,13,5,8
12,10,8,7,6,7,6,7
8,5,7,6,5,6,6,11
11,9,9,8,9,4,1,6
9,9,8,7,14,9,1,6
3,9,8,8,11,9,7,9
7,5,13,6,10,7,9,7
4,5,7,5,10,10,12,6
9,5,5,9,6,5,9,6
6,2,10,3,13,9,11,9
8,5,13,6,5,7,10,13
10,13,7,9,10,8,8,13
7,12,6,10,10,8,10,4
13,9,10,16,13,10,13,5
7,13,14,17,10,18,12,15
18,13,12,10,13,9,13,14
11,14,12,14,10,12,18,15
12,11,16,16,17,16,14,10
16,12,18,19,15,17,11,10
12,19,15,14,15,15,18,12
16,14,11,16,24,17,21,21
28,21,25,21,24,23,23,22
28,25,27,25,42,31,37,41
48,45,46,41,56,58,59,52
75,67,73,91,84,89,118,129
106,161,138,158,163,169,210,209
207,222,255,274,270,304,278,306
352,351,348,352,428,435,456,509
547,540,539,560,567,606,615,666
745,657,735,772,780,767,759,813
823,883,830,834,867,867,810,850
860,945,829,873,883,821,804,833
854,805,735,756,764,731,678,649
658,647,677,580,598,547,534,499
468,428,422,416,364,351,334,307
313,255,227,224,194,205,188,167
151,144,127,116,112,93,92,71
53,74,57,59,44,53,36,23
29,31,20,30,19,13,17,12
11,6,9,10,5,4,7,6
4,2,3,2,2,2,1,1
2,2,3,2,2,1,4,3
2,3,4,2,1,3,2,2
2,4,3,2,2,4,2,1
3,4,4,1,3,2,1,0
4,2,1,4,3,3,0,1
2,1,2,6,0,2,2,0
