SpectrumName : absorbtion_7cm.SPC
XUnit        : 
YUnit        : 
Length       : 2048
SubSpcNum    : 1
StartSubSpc  : 0
StopSubSpc   : 0
Comment      : 
Realtime     : 300.381
Livetime     : 300.000
Deadtime     : 0.381
Starttime    : 16.03.2016 11:02:46
Stoptime     : 16.03.2016 11:07:46
CalibCoeff   : a=0.000000000E+000 b=0.000000000E+000 c=0.000000000E+000 d=0.000000000E+000
SpectrumText : 0 
0,27,31,6,9,9,4,5
5,4,1,9,5,5,4,6
8,8,0,6,4,5,2,8
2,5,8,3,3,7,0,7
7,8,4,7,4,4,4,5
8,1,6,5,6,3,4,9
6,5,7,4,5,6,9,3
5,3,6,11,5,11,5,7
5,4,8,7,8,9,7,6
9,7,9,3,5,9,3,15
8,14,4,11,9,7,12,7
7,13,14,12,7,14,7,8
13,7,6,11,9,6,5,14
8,7,8,8,10,13,6,3
5,10,7,16,11,10,14,13
8,9,11,16,12,8,8,14
13,15,9,7,8,13,15,10
9,11,17,18,9,7,11,10
12,10,11,11,15,19,14,9
17,11,15,10,9,16,17,8
15,16,12,12,15,20,20,12
13,16,11,14,15,12,9,21
23,15,23,22,14,13,11,17
14,14,18,15,17,8,19,21
11,23,19,15,19,18,19,25
19,18,15,15,21,21,25,22
26,20,25,24,24,21,24,20
35,23,26,19,25,13,31,21
24,27,21,29,26,28,23,27
36,22,19,26,19,22,31,26
26,20,25,33,37,15,36,27
29,25,32,36,42,33,27,36
48,40,45,51,39,42,45,35
58,35,55,45,37,34,31,49
42,34,44,33,38,39,42,38
41,31,37,44,34,34,23,36
28,40,39,44,40,31,29,32
31,35,28,29,33,27,33,38
36,32,40,30,27,32,37,31
34,24,33,35,41,28,33,41
34,25,34,21,27,20,24,37
32,31,30,27,25,22,28,35
28,32,29,27,21,31,32,34
31,28,32,32,30,25,28,30
22,39,30,25,31,38,44,38
22,29,27,28,37,14,26,29
19,33,15,29,22,25,20,21
25,26,32,22,27,28,25,31
16,23,30,29,24,21,35,28
29,24,29,25,31,29,36,25
25,29,19,31,23,22,20,22
30,21,31,31,21,31,24,26
30,21,24,20,21,20,23,38
25,24,33,18,37,28,28,24
34,24,24,26,22,29,34,23
28,24,18,25,32,22,24,33
24,33,30,27,19,24,18,30
28,19,19,24,22,29,15,31
23,28,27,27,22,27,21,30
26,24,21,21,27,24,23,24
21,28,26,17,26,18,30,22
18,19,19,27,20,19,20,19
26,17,28,29,23,16,22,19
27,26,25,24,17,24,22,21
17,23,20,17,18,22,17,17
16,25,14,20,20,20,15,16
19,17,22,28,20,21,19,14
20,12,23,15,24,16,26,24
21,16,18,19,14,17,22,13
13,19,18,18,18,17,22,18
14,27,20,26,25,18,34,23
19,19,19,13,19,15,14,12
14,30,15,11,27,12,19,24
18,23,17,14,18,19,15,16
29,19,8,19,17,14,17,24
15,16,11,22,17,18,16,17
19,15,17,16,12,18,11,13
20,13,14,19,23,12,14,22
20,14,19,19,21,14,15,31
10,22,12,22,12,13,11,16
15,20,15,16,14,21,13,13
22,11,15,21,13,14,14,15
10,20,16,8,22,21,14,15
13,15,17,16,17,18,14,19
19,12,14,13,13,18,15,19
13,12,21,19,18,14,22,15
20,16,14,12,13,18,23,12
18,21,17,18,18,10,12,15
24,16,11,16,12,10,13,12
18,16,13,21,12,16,10,16
13,16,18,13,15,14,16,12
13,16,15,14,10,19,12,12
11,14,6,13,14,13,8,11
13,10,14,10,17,18,14,15
7,13,12,19,17,8,14,22
15,14,13,11,13,13,19,18
10,16,13,14,10,11,16,22
13,11,11,10,17,14,15,17
18,21,17,15,12,10,18,9
17,15,17,11,6,16,12,12
11,16,20,16,14,12,10,14
17,11,7,24,12,16,12,12
12,15,13,13,9,13,6,12
10,10,9,10,10,15,9,16
11,16,11,8,13,15,12,10
3,13,13,10,13,13,16,15
7,5,16,12,13,7,5,17
13,6,9,7,9,7,6,11
5,12,9,15,5,11,14,6
6,6,12,6,11,15,12,10
5,5,7,7,13,12,10,7
9,10,11,7,8,12,3,13
8,13,5,10,9,7,15,6
9,14,5,8,8,8,8,6
9,7,10,6,27,11,4,10
9,14,6,10,11,12,6,9
8,10,9,8,6,5,11,8
7,11,7,8,8,16,7,4
10,2,7,15,6,4,6,10
15,6,4,11,8,6,6,5
9,10,10,11,7,10,9,8
15,12,8,4,8,8,8,3
4,3,10,7,5,6,6,8
6,3,8,5,10,9,8,4
9,6,5,7,9,7,8,6
6,10,7,9,5,12,4,12
10,11,3,8,3,10,10,7
14,7,5,9,10,9,4,5
7,7,9,2,7,8,7,4
12,7,7,8,10,10,9,9
6,5,9,4,11,4,3,10
7,13,8,4,8,8,8,7
7,10,9,9,3,7,8,11
7,7,8,8,3,7,7,7
8,9,5,7,10,6,6,9
5,4,3,4,9,7,4,9
10,8,9,6,7,6,5,7
9,6,5,4,10,1,5,5
9,9,3,11,9,6,8,6
6,9,9,10,5,8,8,9
6,4,7,7,2,8,7,8
6,8,10,4,3,3,1,6
10,7,6,9,5,9,9,7
10,7,9,8,7,6,5,7
3,7,7,3,5,4,3,4
3,3,7,10,12,6,6,5
7,3,4,8,11,9,6,6
4,10,7,7,16,6,5,8
8,6,7,6,7,6,7,2
9,8,2,9,7,9,6,5
7,9,4,4,7,4,7,1
5,4,6,9,7,10,9,3
1,2,2,8,4,7,3,5
5,5,7,4,10,7,10,5
4,7,7,7,7,4,7,5
5,6,7,8,7,4,3,7
3,5,8,14,8,6,6,4
3,7,4,4,9,7,6,5
2,4,2,8,6,10,4,5
3,5,5,8,5,9,6,4
5,7,9,8,2,4,4,6
2,5,1,6,3,4,4,5
3,6,6,6,4,5,5,7
6,6,3,8,5,3,7,2
4,5,2,7,5,4,5,4
4,6,5,5,4,6,6,8
10,8,5,0,5,4,2,3
6,4,10,9,4,8,2,4
7,1,8,5,6,5,5,6
6,7,4,7,3,6,4,6
5,10,7,5,9,6,7,8
8,10,6,8,4,3,5,3
6,6,6,9,5,3,5,6
3,2,4,2,5,4,7,3
6,8,5,7,10,9,1,4
8,6,9,4,4,5,8,4
5,10,7,7,4,4,5,4
6,4,9,6,3,3,3,4
5,7,5,8,5,6,10,5
5,6,4,7,6,5,3,8
4,5,4,2,7,1,6,8
5,2,9,7,5,5,5,2
2,4,3,7,3,5,5,5
4,6,2,6,3,5,7,3
9,5,4,9,7,8,9,5
5,1,2,1,7,5,3,6
3,4,4,6,1,4,0,7
6,4,6,3,3,5,5,4
1,4,4,4,2,2,4,3
3,2,4,3,4,4,4,2
6,5,3,1,1,4,2,5
6,5,4,2,4,1,9,4
2,2,4,3,5,2,2,6
3,2,1,2,4,4,3,1
2,9,4,3,3,2,2,1
1,1,2,0,2,0,0,3
3,4,4,7,1,2,4,3
2,4,1,0,0,4,4,3
2,4,0,5,3,5,2,4
5,0,2,1,1,3,3,2
4,5,3,1,2,2,2,0
1,5,1,8,4,1,2,3
4,3,2,4,3,2,1,3
6,1,2,7,2,1,4,2
6,3,2,6,2,5,3,3
3,6,5,1,1,4,2,4
1,2,2,0,3,2,2,0
4,1,4,0,2,2,5,2
1,0,5,1,2,3,0,3
2,1,2,1,0,1,0,2
3,1,3,0,2,3,4,2
5,4,0,2,3,6,3,3
2,2,5,3,3,2,2,2
1,3,1,0,6,3,3,2
0,2,1,1,1,3,1,1
1,2,3,1,2,0,3,3
0,2,2,3,1,3,0,2
1,0,1,2,2,4,1,4
1,3,1,3,4,2,2,2
6,5,3,1,0,5,3,5
2,3,2,3,2,1,4,1
5,4,2,4,3,4,2,6
2,1,1,1,1,1,2,3
3,2,3,4,0,6,2,1
0,1,2,4,2,2,3,3
3,5,2,4,1,4,5,4
5,4,2,4,3,5,3,5
4,5,4,4,6,4,3,4
2,6,3,5,3,5,6,3
4,3,6,2,7,2,3,4
6,3,6,5,2,4,3,4
3,7,10,2,3,5,6,5
7,7,1,6,8,4,4,5
3,4,6,13,5,9,5,5
7,6,11,9,14,7,10,7
9,8,14,18,19,21,10,15
17,24,18,19,23,25,32,36
31,29,27,43,32,45,33,40
25,31,27,36,43,37,57,52
54,36,48,43,44,46,43,42
52,45,62,44,51,54,49,45
56,50,38,46,44,49,38,46
34,45,43,33,48,39,34,36
40,31,39,25,33,21,28,18
25,25,21,16,11,23,11,14
17,20,16,13,11,8,10,6
3,8,9,3,3,4,3,8
4,7,3,6,3,3,3,4
2,3,4,2,1,1,1,4
1,4,2,4,3,3,1,1
1,1,3,2,1,3,1,1
4,2,5,2,5,2,6,4
5,2,2,0,2,3,4,0
3,0,4,3,1,1,5,1
5,2,0,4,1,2,1,2
3,1,1,3,3,4,2,0
