SpectrumName : absorbtion_2,5cm_LLDhoch.SPC
XUnit        : 
YUnit        : 
Length       : 2048
SubSpcNum    : 1
StartSubSpc  : 0
StopSubSpc   : 0
Comment      : 
Realtime     : 321.177
Livetime     : 300.000
Deadtime     : 21.177
Starttime    : 16.03.2016 11:32:56
Stoptime     : 16.03.2016 11:38:18
CalibCoeff   : a=0.000000000E+000 b=0.000000000E+000 c=0.000000000E+000 d=0.000000000E+000
SpectrumText : 0 
0,0,0,0,0,0,0,0
0,0,0,0,0,1,1,3
30,362,369,319,264,252,263,249
251,260,278,254,277,263,225,273
244,281,257,265,257,290,255,259
285,286,259,280,284,284,294,330
265,303,281,294,288,290,288,264
280,292,272,313,275,312,335,297
346,312,317,303,329,300,285,303
296,295,307,282,345,285,317,324
337,331,290,313,307,326,295,280
296,335,293,300,323,301,278,333
303,313,336,353,320,328,339,300
352,312,323,341,320,346,330,309
352,322,339,316,344,334,317,374
333,351,337,367,360,309,317,296
337,291,353,321,301,328,344,343
332,360,373,361,330,352,334,398
326,349,345,344,336,329,344,328
336,368,332,348,366,360,357,391
350,368,354,356,370,346,348,354
365,331,317,373,351,318,355,359
373,336,337,383,357,382,373,376
340,374,329,356,313,340,327,348
337,345,358,342,349,359,335,316
342,360,361,330,363,330,355,360
337,392,381,355,375,367,377,353
378,323,386,382,375,390,340,366
375,364,335,332,392,360,354,345
363,388,369,352,345,391,352,367
401,346,355,373,372,378,397,373
371,387,399,350,383,387,396,389
404,363,353,405,412,382,359,394
389,403,424,406,398,384,410,388
419,365,430,387,385,387,393,381
391,389,365,432,347,377,396,366
376,352,358,383,344,380,359,373
397,341,358,382,399,391,345,373
374,361,358,357,388,367,387,408
358,374,392,385,388,357,373,388
369,364,375,340,360,342,360,364
371,336,360,344,392,340,347,352
383,364,396,344,367,355,361,376
392,348,363,368,349,369,355,351
362,366,327,311,355,366,344,339
380,358,374,339,379,380,343,352
368,324,366,321,347,388,360,339
331,349,371,383,375,366,349,362
370,339,348,374,330,365,387,324
337,363,352,368,379,354,344,361
346,374,350,364,381,356,350,381
346,366,348,367,374,361,330,354
366,347,365,355,364,343,356,373
370,338,373,339,363,380,350,349
406,358,379,345,368,372,386,339
381,394,366,349,367,386,391,380
380,343,360,348,395,366,361,376
389,349,394,340,368,371,374,368
346,359,361,409,346,355,355,353
347,358,343,361,335,385,362,361
375,304,322,359,372,361,376,380
342,361,359,384,349,393,371,394
373,341,362,404,365,378,354,326
343,373,370,400,380,390,340,371
385,387,368,366,362,356,357,354
379,356,376,338,371,349,351,385
388,367,407,373,347,389,370,368
354,368,340,375,382,377,384,419
393,375,379,343,360,366,401,368
385,367,368,429,352,361,375,380
354,354,377,364,365,335,357,406
345,398,372,375,394,401,400,380
414,364,397,378,394,395,380,374
380,385,375,394,373,380,400,407
419,389,379,377,379,367,371,384
391,466,417,411,422,384,399,388
435,381,421,456,409,386,387,403
436,465,425,399,440,405,448,388
416,431,424,437,436,458,440,431
454,446,421,445,479,442,436,454
444,443,462,485,463,459,460,442
462,427,502,461,444,471,461,435
465,463,455,446,452,423,479,448
450,473,451,431,485,438,456,484
462,454,453,488,471,468,466,468
447,453,452,468,466,415,454,432
436,443,445,437,450,425,407,489
436,434,415,445,433,443,455,397
416,452,389,444,412,471,413,405
410,416,426,434,406,403,420,425
390,414,436,413,435,408,430,398
426,384,412,407,403,402,419,372
394,416,395,380,407,386,395,376
389,395,393,393,405,397,463,401
397,389,421,408,387,378,371,386
378,390,399,395,373,363,374,415
392,376,354,353,384,387,372,382
387,391,391,393,352,394,345,394
377,370,384,370,391,415,406,414
355,393,367,375,402,366,412,377
368,371,382,390,349,389,344,352
376,363,360,360,367,379,385,378
387,362,346,405,375,377,367,376
367,377,371,360,376,393,392,366
419,333,342,380,320,338,358,351
391,376,429,400,371,346,354,345
370,376,344,390,355,364,336,353
391,342,367,390,374,377,383,355
356,337,381,369,378,330,357,360
378,342,389,396,371,364,384,366
369,347,337,363,372,341,362,408
389,350,375,362,351,380,356,349
406,355,366,330,367,395,364,360
343,376,365,342,340,360,319,362
394,363,349,366,372,325,368,380
366,369,374,375,368,346,341,401
359,311,354,340,360,374,394,371
355,354,377,336,348,379,368,368
370,363,358,331,363,348,365,376
346,382,382,344,413,335,361,340
356,341,405,363,358,349,368,368
335,388,384,368,357,383,321,343
362,367,351,376,329,355,371,362
390,396,347,373,356,358,337,360
316,341,415,391,340,315,397,387
359,390,341,369,405,387,347,351
350,371,347,390,365,366,355,343
365,358,340,383,336,372,354,335
346,349,389,389,342,341,344,348
387,343,388,361,343,370,350,349
348,343,364,356,353,325,333,359
347,352,363,366,380,376,340,392
336,373,382,382,352,346,385,355
374,366,370,344,352,410,377,375
359,369,371,361,340,355,370,354
325,351,356,355,357,387,387,370
373,357,342,346,366,355,346,366
369,393,378,388,369,345,381,355
404,393,354,360,410,386,374,371
368,391,305,331,386,352,379,371
358,368,348,348,332,370,398,359
337,362,346,374,378,361,382,374
379,374,364,354,390,358,367,379
344,380,369,371,372,375,364,364
359,332,382,361,382,344,370,381
365,369,380,357,378,385,334,384
375,351,409,376,359,356,360,357
375,389,358,367,392,383,347,361
343,369,336,365,386,359,312,345
354,412,401,381,384,348,376,377
396,338,380,408,385,358,348,378
377,389,395,366,379,376,380,367
397,371,344,361,385,351,397,356
377,388,408,403,383,410,389,392
360,400,390,364,385,380,402,404
381,408,372,380,395,396,389,383
388,382,383,388,378,340,388,411
403,379,370,394,379,455,345,372
396,410,409,378,341,401,452,393
397,418,416,418,375,380,410,424
394,389,461,438,400,426,421,407
406,403,431,409,408,430,429,406
413,398,388,450,436,405,430,419
387,395,417,387,418,407,410,413
410,391,391,442,413,411,368,392
428,451,371,446,437,424,444,419
444,425,392,434,438,453,434,422
390,439,438,425,425,434,406,395
435,452,454,461,438,421,442,422
445,410,475,433,401,430,446,442
452,397,463,440,388,476,433,395
455,435,446,447,465,454,469,446
430,446,411,429,451,478,455,420
476,481,428,452,456,458,440,472
428,460,430,494,463,452,443,500
477,461,428,434,475,438,455,466
446,436,434,474,465,484,467,474
467,513,485,493,435,470,496,500
487,472,501,474,466,463,440,463
453,490,514,464,486,447,485,485
464,458,486,435,473,462,486,463
470,461,519,444,452,483,481,452
439,444,459,481,463,517,460,442
453,438,424,450,433,478,427,458
449,446,463,457,458,426,437,437
462,427,403,388,410,400,410,411
402,432,449,429,405,429,379,373
378,377,384,344,428,367,378,378
347,350,341,367,362,381,330,335
365,329,347,340,325,324,330,310
286,299,328,321,278,250,293,308
299,310,228,297,229,283,268,255
298,262,281,266,232,258,249,237
256,270,218,233,237,234,235,219
237,233,224,238,226,211,198,181
203,208,210,212,168,192,208,186
208,169,178,168,180,175,190,178
175,179,177,176,154,171,175,172
150,156,159,155,161,144,147,162
128,157,159,141,131,139,149,134
141,137,154,124,143,142,133,116
125,114,123,129,129,142,146,124
128,123,139,122,132,140,127,124
151,113,111,121,127,103,128,105
140,117,119,123,97,110,118,105
102,124,106,97,95,94,111,116
105,107,96,125,107,111,90,103
97,94,95,103,116,109,106,96
110,105,100,117,103,119,95,99
123,100,117,103,104,91,105,88
87,97,96,95,115,115,98,101
95,70,105,91,113,79,110,85
107,85,84,99,93,106,120,111
106,88,107,82,81,91,91,104
98,96,93,84,92,104,75,97
72,88,86,96,98,111,94,100
96,108,98,103,91,87,98,88
102,91,88,97,91,95,96,91
109,103,91,89,109,104,105,108
96,118,95,102,102,99,109,109
93,95,105,106,81,93,109,110
107,114,109,98,104,107,114,142
112,115,114,102,102,123,125,102
120,141,126,113,123,129,103,122
121,104,112,132,123,126,143,125
122,155,143,119,127,135,125,139
150,139,148,159,135,135,151,137
150,166,185,145,174,154,151,174
167,156,174,183,176,183,198,179
204,190,189,196,218,212,192,246
229,261,233,264,264,252,297,288
318,292,340,381,387,403,403,452
438,497,498,543,573,556,647,660
675,778,758,844,880,943,1031,1078
1147,1176,1268,1409,1441,1553,1657,1878
1935,1986,2113,2293,2373,2588,2661,2774
2994,3108,3312,3461,3637,3829,4036,4145
4316,4609,4689,5093,5135,5415,5510,5723
5899,6118,6362,6433,6764,6982,7037,7153
7395,7575,7594,7994,7764,8064,8231,8198
8147,8312,8207,8297,8279,8194,8311,8284
8154,7959,7847,7923,7713,7468,7566,7277
7174,6992,6671,6571,6255,5991,5801,5657
5294,5085,4816,4778,4599,4156,3944,3762
3553,3308,3249,2922,2686,2475,2346,2148
2041,1827,1814,1607,1473,1245,1269,1100
957,899,827,687,654,580,515,485
454,390,315,310,269,234,204,187
169,144,127,122,102,100,83,68
51,59,57,55,44,37,37,33
27,31,33,23,32,22,23,19
20,20,17,16,10,15,24,20
21,17,24,16,15,14,20,18
23,14,12,7,14,11,22,29
14,23,15,21,12,19,16,8
13,17,7,16,20,7,16,0
