SpectrumName : kallibrierung_Cs.SPC
XUnit        : 
YUnit        : 
Length       : 2048
SubSpcNum    : 1
StartSubSpc  : 0
StopSubSpc   : 0
Comment      : 
Realtime     : 301.825
Livetime     : 300.000
Deadtime     : 1.825
Starttime    : 16.03.2016 10:19:20
Stoptime     : 16.03.2016 10:24:21
CalibCoeff   : a=0.000000000E+000 b=0.000000000E+000 c=0.000000000E+000 d=0.000000000E+000
SpectrumText : 0 
51,66,31,22,29,23,19,23
33,23,30,29,31,30,21,31
19,37,29,21,42,38,26,32
36,42,39,39,44,38,33,36
38,25,25,29,27,30,38,34
26,27,33,21,33,26,25,29
38,37,19,31,33,21,29,33
32,39,33,35,35,31,41,44
44,37,36,30,37,39,29,41
36,44,42,41,32,32,37,28
30,37,34,35,50,40,34,42
49,46,39,40,45,55,48,58
48,52,65,57,55,81,91,100
122,146,134,170,199,208,246,264
298,317,321,300,351,303,296,258
254,225,220,173,157,166,135,117
120,95,74,114,102,94,89,78
95,82,75,67,74,60,53,56
60,60,50,37,50,46,37,46
47,43,62,51,67,56,54,63
51,49,38,51,58,43,51,40
56,57,51,54,50,50,59,55
47,56,51,54,66,45,49,57
52,49,46,44,51,49,46,69
58,56,66,52,58,58,58,50
60,56,63,72,59,60,53,56
57,72,68,55,69,64,70,77
60,72,60,60,61,81,72,60
61,67,58,82,51,67,85,84
75,75,74,90,83,81,68,96
86,96,94,89,100,96,97,92
93,117,105,126,118,126,139,138
152,149,132,131,162,150,137,158
158,143,149,171,158,131,133,144
113,132,122,134,102,96,121,95
102,114,86,81,106,100,92,94
101,103,81,95,102,107,110,112
113,101,91,85,112,90,104,117
85,95,103,110,85,97,78,74
96,97,89,101,102,89,93,72
98,94,88,73,78,68,82,88
80,73,108,87,73,85,82,76
87,79,81,70,70,78,76,82
77,88,88,67,65,73,80,94
78,66,80,72,101,78,74,71
86,73,75,79,90,75,69,76
76,71,61,68,91,80,70,83
82,93,87,79,74,85,69,80
87,88,84,90,81,94,72,77
89,82,83,85,84,91,97,99
89,79,78,68,75,96,76,90
68,79,82,88,81,73,77,77
68,78,78,75,73,95,78,86
92,94,85,77,72,95,88,75
72,89,92,90,85,79,97,88
84,76,72,91,85,59,107,93
89,88,82,73,76,71,79,87
90,98,87,83,67,73,96,90
75,80,98,87,81,71,74,70
83,94,80,74,84,72,73,82
90,77,73,79,86,64,48,65
100,90,80,72,83,77,94,76
73,80,81,78,73,83,96,69
92,87,81,73,72,87,80,72
73,74,73,75,75,78,79,76
73,74,83,90,96,87,71,76
69,71,76,79,62,68,72,75
76,80,77,81,67,76,92,70
72,88,65,63,78,71,85,77
87,76,69,81,65,74,66,72
76,77,101,75,74,81,68,71
65,79,80,69,78,105,84,70
82,71,79,68,74,65,64,82
89,81,79,101,91,76,84,87
79,79,74,72,93,72,68,75
86,61,85,87,77,91,93,94
84,89,91,97,104,97,98,89
73,89,95,97,75,107,100,100
93,94,88,106,84,96,97,99
81,112,94,101,107,87,102,86
107,95,98,94,91,110,72,92
98,120,88,99,105,92,91,97
100,99,103,85,105,86,97,77
90,97,73,92,87,105,89,82
103,86,99,97,85,110,86,102
120,94,99,82,101,82,88,95
99,80,80,98,73,106,82,82
84,79,77,103,90,90,85,82
88,88,78,77,80,88,83,81
85,86,82,83,76,77,111,94
85,84,89,92,81,65,81,78
69,96,76,105,77,84,96,88
79,86,75,81,87,79,90,65
86,98,70,69,87,83,65,76
63,78,75,77,88,77,85,71
70,78,89,77,75,82,73,82
85,62,65,73,66,69,69,72
79,74,61,78,77,62,71,110
56,94,72,71,84,77,69,75
70,79,64,74,65,79,55,65
74,74,60,79,75,70,67,61
81,74,75,72,83,51,63,78
76,85,62,60,72,63,72,62
67,77,64,75,67,69,62,65
73,49,83,71,60,79,77,81
61,50,78,54,74,51,67,66
60,60,69,67,54,75,70,62
73,72,50,65,73,71,62,82
64,63,57,56,60,61,60,64
62,56,51,56,63,59,69,55
47,54,52,68,75,54,49,61
54,57,54,68,44,56,58,56
58,53,39,48,59,43,48,55
56,59,54,46,57,37,61,56
37,54,43,48,49,44,49,38
48,51,59,50,44,38,29,32
50,37,44,61,50,47,48,51
45,44,55,48,49,45,36,35
43,54,46,56,52,41,47,49
50,48,35,54,61,55,67,44
45,50,52,60,64,49,64,47
51,51,41,55,44,50,37,54
45,44,48,41,44,31,47,38
42,43,46,36,34,41,47,39
44,37,39,51,31,33,34,45
48,50,35,35,49,36,37,43
36,43,43,34,40,32,33,34
35,37,37,25,37,29,36,39
38,22,22,28,43,33,34,43
38,44,22,45,33,38,30,34
38,36,29,30,41,30,35,35
30,43,32,33,39,27,43,27
34,45,36,35,27,36,29,34
31,29,41,35,32,36,27,33
37,30,33,33,34,25,22,38
28,38,22,34,31,37,32,34
35,39,34,38,20,26,44,28
35,28,30,47,44,35,35,31
30,39,22,37,30,32,26,23
32,36,41,42,33,45,33,35
37,38,38,36,27,33,43,30
39,26,41,40,39,45,34,34
34,31,36,24,33,33,38,33
34,28,30,36,29,29,32,33
32,26,53,33,42,32,27,29
42,43,33,28,34,33,34,33
32,22,25,34,22,23,37,33
22,45,35,34,35,33,26,29
20,30,33,35,36,56,35,46
28,33,30,31,26,32,32,39
34,33,29,37,32,36,21,25
38,23,28,38,34,38,33,24
35,34,34,32,46,27,28,40
26,38,25,29,24,34,27,40
37,31,32,27,34,26,37,34
32,38,28,37,39,28,38,28
37,41,43,27,38,28,36,27
36,33,33,36,25,28,26,34
37,39,34,30,36,33,24,32
29,29,30,25,34,34,42,42
32,28,23,28,33,39,35,34
30,29,36,31,33,40,30,41
35,39,35,41,31,32,27,35
26,26,27,32,35,23,32,29
42,29,39,43,34,31,26,38
27,37,34,29,38,35,35,36
28,28,40,25,28,29,31,38
29,25,23,36,33,32,33,39
37,31,36,31,28,24,31,35
31,30,29,23,31,37,33,32
21,38,29,30,43,37,29,33
42,32,29,29,39,29,35,31
28,33,25,31,34,36,39,31
37,32,36,36,39,32,37,36
33,37,34,31,29,35,41,34
33,35,28,38,28,32,21,40
46,37,23,25,27,23,23,32
40,36,33,25,23,28,28,35
30,39,31,33,39,37,37,38
39,35,45,36,37,27,30,34
26,29,25,25,30,34,40,26
28,31,28,31,41,29,26,26
35,31,32,30,25,34,25,21
39,31,22,33,28,24,19,22
21,16,30,22,32,28,36,27
24,32,34,25,35,31,25,30
18,26,20,35,26,20,24,20
21,19,15,24,28,16,28,27
17,19,25,21,20,28,11,23
16,22,13,15,18,25,19,20
20,27,24,28,11,25,27,19
22,22,26,24,22,22,23,9
15,23,14,19,13,20,17,14
12,15,15,13,14,20,14,10
14,19,14,14,15,12,13,14
18,20,21,17,17,19,13,10
18,12,18,13,10,7,16,20
12,12,16,15,11,8,19,16
15,15,16,19,18,10,18,13
14,9,9,14,15,18,13,9
9,14,16,11,13,8,18,9
8,14,17,16,7,16,15,11
11,8,8,12,7,14,16,9
14,9,10,21,11,16,11,7
11,11,10,17,14,8,9,12
6,17,18,13,11,5,10,8
14,12,11,11,10,5,9,15
12,10,13,10,6,4,8,13
12,10,10,10,5,6,9,5
5,4,8,10,12,6,6,10
14,7,7,9,11,4,13,10
13,6,8,11,7,13,6,9
11,7,6,13,5,12,13,9
5,5,10,9,7,8,14,4
11,6,8,12,10,6,3,5
12,9,11,12,14,11,14,9
9,4,11,6,6,6,10,6
7,7,9,10,9,5,10,6
9,9,9,12,6,8,6,8
7,10,8,7,8,8,6,3
6,8,11,11,11,2,11,9
11,8,7,11,15,2,7,6
10,2,7,8,12,11,6,10
9,7,11,12,14,6,10,6
9,11,16,8,9,15,14,12
9,10,5,12,9,6,11,15
8,17,10,9,9,11,9,14
12,8,18,7,4,11,12,12
14,11,10,12,10,10,8,11
12,16,12,12,6,10,11,7
13,16,10,17,10,14,13,15
15,18,13,19,15,17,18,15
20,15,12,21,28,29,31,26
26,37,23,37,46,50,34,58
63,55,58,68,52,77,75,77
91,99,106,123,116,137,133,156
144,147,181,147,194,180,211,208
213,228,260,267,285,281,308,297
318,323,302,343,373,355,367,370
350,405,408,417,400,434,439,410
425,386,429,399,388,420,384,427
418,426,423,407,360,372,345,343
319,334,307,291,293,284,272,305
255,217,226,192,194,191,185,185
155,142,158,137,149,125,96,99
80,70,87,64,57,69,47,47
49,49,30,37,32,25,25,27
19,24,16,9,9,12,11,7
7,9,1,3,8,2,8,5
8,1,5,5,5,2,2,1
4,3,1,5,2,3,6,6
2,3,1,1,2,3,2,1
2,0,4,4,4,0,2,3
1,3,4,1,2,4,1,4
2,4,4,4,3,3,1,2
0,2,1,5,4,2,1,0
