SpectrumName : kallibrierung_untergrund.SPC
XUnit        : 
YUnit        : 
Length       : 2048
SubSpcNum    : 1
StartSubSpc  : 0
StopSubSpc   : 0
Comment      : 
Realtime     : 300.304
Livetime     : 300.000
Deadtime     : 0.304
Starttime    : 16.03.2016 10:27:04
Stoptime     : 16.03.2016 10:32:04
CalibCoeff   : a=0.000000000E+000 b=0.000000000E+000 c=0.000000000E+000 d=0.000000000E+000
SpectrumText : 0 
18,31,12,1,6,3,5,5
4,4,4,3,6,2,4,6
2,5,4,7,1,4,5,6
5,6,11,2,5,5,4,1
5,6,3,0,5,4,5,4
6,6,7,4,7,4,7,1
6,5,8,6,10,3,3,3
10,6,3,10,4,5,4,2
7,9,6,6,6,4,2,4
3,8,11,7,7,7,7,10
8,11,4,8,5,9,9,9
8,9,5,9,6,12,7,8
11,7,7,5,12,7,7,8
11,9,6,13,4,11,6,7
8,10,8,9,11,4,10,8
7,11,9,7,5,7,10,5
7,15,13,12,12,10,7,6
7,13,7,7,11,16,9,9
15,6,8,6,10,9,13,16
9,9,16,17,10,18,9,12
12,4,9,10,14,16,15,16
9,15,15,13,7,16,15,14
15,17,11,12,20,16,14,19
17,12,13,14,18,16,19,14
19,25,11,20,17,16,11,20
26,11,20,17,25,23,28,21
20,14,24,22,31,26,15,25
21,23,23,16,26,17,19,26
22,19,27,25,28,25,28,32
22,30,24,28,29,24,37,31
36,26,33,45,34,38,18,37
25,36,37,35,25,41,52,38
48,48,44,40,40,43,44,46
57,53,45,44,38,46,40,48
42,46,28,46,29,37,39,36
32,32,32,28,41,36,34,31
33,33,40,37,23,35,33,36
39,38,37,31,38,38,38,44
30,32,47,39,41,34,29,38
33,33,30,34,34,35,37,26
24,21,24,29,26,30,28,30
28,36,19,31,28,33,35,29
31,31,26,36,26,29,30,31
25,24,27,37,20,33,22,26
28,32,28,34,31,34,28,32
27,24,26,23,26,25,35,28
22,13,26,40,29,22,18,30
18,22,33,30,20,25,24,33
25,25,22,20,28,26,22,27
25,24,31,24,34,39,38,32
28,24,26,23,17,21,26,25
20,21,20,27,23,26,30,24
20,33,24,15,27,34,27,44
27,23,30,22,33,24,25,31
38,24,19,15,33,25,22,15
24,38,28,16,32,24,24,25
33,16,27,28,35,18,26,21
22,27,29,22,22,22,23,19
29,22,26,29,18,17,19,21
21,23,21,23,30,29,28,26
14,22,21,32,18,34,30,18
24,20,24,18,29,20,26,26
22,23,25,31,23,19,19,26
33,23,36,20,23,23,17,25
21,22,16,14,19,23,28,18
25,29,14,27,20,24,15,33
20,18,27,28,19,14,27,20
28,19,21,22,20,22,28,23
19,19,22,22,18,12,17,25
24,24,27,22,28,23,23,12
28,20,21,23,13,11,17,22
16,15,23,13,22,20,17,21
19,20,26,25,19,24,15,19
26,23,26,14,18,16,24,10
22,18,8,18,21,22,20,17
23,15,22,18,19,17,15,14
20,17,12,15,16,14,11,14
15,13,19,11,12,15,13,16
16,15,16,24,19,19,20,24
15,22,18,26,26,17,18,18
27,14,21,15,18,19,12,20
14,15,12,20,24,18,10,10
19,17,16,15,14,21,15,16
14,20,14,13,15,19,15,21
10,21,18,14,12,15,16,14
14,11,15,17,18,13,19,16
15,12,17,17,10,15,16,11
4,12,9,15,14,17,14,15
16,11,10,15,19,12,21,19
11,14,12,18,11,13,15,16
16,11,17,15,11,13,13,10
13,17,11,10,19,17,13,12
15,17,10,8,11,16,14,12
10,10,17,16,15,13,8,16
11,13,10,10,9,17,14,16
15,13,15,14,11,8,17,12
16,19,8,12,8,18,12,15
14,14,14,13,11,11,16,19
15,13,13,15,12,11,5,13
9,11,13,10,9,14,6,7
11,12,12,8,6,15,6,8
14,12,14,14,8,11,19,9
13,14,12,12,7,13,12,8
7,8,11,13,9,9,9,12
6,15,10,2,11,12,5,8
10,12,7,7,12,9,4,5
8,9,13,13,10,13,9,10
9,5,8,11,10,9,6,7
13,11,9,9,7,8,9,8
6,8,4,4,7,10,9,5
3,7,8,3,5,5,12,9
5,7,7,7,6,5,8,8
7,5,3,9,14,11,10,5
7,6,2,11,4,5,6,6
11,6,7,7,9,9,10,5
9,4,9,7,7,3,10,5
8,5,7,3,8,5,7,9
5,8,3,9,11,5,9,8
4,7,10,9,10,11,3,6
11,9,9,4,9,8,5,11
6,9,7,4,7,6,8,7
6,16,9,9,7,4,5,3
14,12,13,4,8,10,11,10
8,9,14,8,9,5,5,13
8,6,5,10,3,4,9,4
8,8,2,8,5,5,8,3
11,2,6,7,3,3,7,6
4,5,4,4,8,5,7,6
8,6,3,7,4,3,10,5
4,3,12,6,3,6,6,8
13,3,6,6,7,6,4,4
7,9,8,1,5,9,4,8
6,7,6,9,3,8,5,12
7,5,5,6,3,4,7,3
5,4,8,3,4,7,2,2
6,6,3,4,4,10,4,7
3,2,0,8,9,4,5,9
3,3,8,4,2,6,4,7
7,5,7,3,4,4,1,1
7,8,4,5,7,5,6,7
3,6,3,6,4,6,3,4
6,3,5,4,2,8,2,5
9,5,4,10,3,5,5,3
9,2,4,7,5,10,6,9
7,7,6,5,7,4,4,5
3,6,8,6,6,6,1,6
4,8,5,3,9,9,4,11
2,4,5,2,7,5,3,2
4,5,6,4,4,3,8,7
9,6,8,4,1,5,7,6
1,3,6,5,5,3,6,2
9,4,4,2,4,7,1,4
6,4,3,2,6,4,3,5
4,8,3,3,6,3,2,4
5,1,2,5,2,4,4,8
6,6,2,3,4,4,1,5
1,3,3,5,7,6,4,3
4,1,1,7,4,7,5,3
6,4,7,5,2,2,4,1
5,3,3,6,3,1,2,6
3,4,6,4,2,4,4,4
5,2,4,4,7,2,3,0
3,2,10,5,4,2,1,2
2,3,3,3,2,3,4,3
6,4,3,5,4,1,5,3
4,4,5,3,4,4,2,3
6,8,4,2,3,2,2,4
5,2,1,3,3,3,4,4
6,3,4,3,3,4,4,0
1,7,3,3,3,4,5,3
2,4,3,1,3,6,1,5
2,3,2,5,2,2,7,3
5,1,2,4,5,2,2,1
7,3,2,3,1,0,3,10
3,2,4,2,2,4,2,2
2,3,2,3,3,2,3,5
2,0,1,2,4,6,3,3
1,4,4,7,3,3,4,8
6,1,2,6,2,4,1,5
2,2,4,6,6,0,2,2
4,3,3,0,3,3,5,0
0,4,2,3,7,5,2,3
2,2,7,5,1,2,4,4
4,3,3,6,4,4,3,3
1,3,2,8,3,5,6,6
4,0,2,5,5,2,4,5
1,3,2,1,6,2,6,2
1,3,3,4,2,2,3,1
2,3,3,3,2,1,3,1
4,5,4,1,5,2,1,4
5,4,6,5,5,3,4,4
5,4,2,4,2,2,1,3
6,4,4,3,1,3,4,2
2,5,2,4,2,4,3,6
3,2,2,3,3,0,2,4
4,2,2,2,2,3,2,1
3,2,3,4,2,1,6,4
1,3,1,1,4,2,2,5
2,3,4,1,4,2,2,2
3,3,4,2,3,3,3,4
2,1,1,4,4,0,3,1
6,4,5,2,0,2,0,2
1,3,4,7,3,2,2,2
2,2,2,1,3,2,0,3
1,1,1,0,2,4,1,6
1,1,3,2,6,1,2,3
4,3,2,2,3,5,4,4
4,4,0,2,2,0,4,2
2,2,6,2,5,3,3,3
2,1,1,2,3,0,1,1
4,2,3,2,1,2,2,1
3,1,2,4,4,3,1,4
2,2,3,3,3,2,1,3
2,2,1,1,6,2,0,1
3,2,2,0,1,3,2,1
5,3,6,2,2,2,1,0
4,2,3,2,1,1,4,2
0,0,2,3,3,2,3,4
1,5,3,1,3,2,1,3
4,2,1,4,4,5,2,0
1,2,5,6,2,1,1,2
2,6,4,2,2,0,4,3
2,4,4,4,0,6,3,3
3,4,4,1,5,1,4,1
5,3,0,3,3,1,5,5
1,1,0,1,4,4,5,7
1,7,1,4,4,5,1,5
8,8,4,3,1,2,7,1
3,4,8,0,4,6,4,3
6,2,7,7,5,4,2,5
4,7,11,6,3,8,9,3
9,7,3,5,8,2,4,5
3,5,5,5,6,9,3,5
5,5,1,4,1,3,6,5
4,3,4,4,7,7,5,5
9,4,11,6,4,6,6,5
6,8,3,8,8,3,4,7
6,6,7,7,4,3,11,4
10,2,5,6,8,8,5,5
4,12,5,8,8,10,5,1
16,3,4,4,3,9,5,6
4,4,7,7,8,4,5,8
7,6,4,6,4,10,5,3
8,2,3,3,2,7,1,2
2,2,3,2,3,10,4,7
2,3,4,4,4,1,3,0
8,2,3,7,4,3,2,2
6,1,3,1,0,3,1,5
1,0,2,3,3,2,4,4
2,0,0,5,4,2,2,5
3,2,1,1,5,4,2,1
4,3,1,4,1,3,1,3
1,2,4,3,6,2,3,2
4,2,3,1,2,3,3,2
1,1,2,2,4,0,6,3
2,6,2,0,3,4,3,0
