SpectrumName : kallibrierung_Am.SPC
XUnit        : 
YUnit        : 
Length       : 2048
SubSpcNum    : 1
StartSubSpc  : 0
StopSubSpc   : 0
Comment      : 
Realtime     : 300.948
Livetime     : 300.000
Deadtime     : 0.948
Starttime    : 16.03.2016 10:41:26
Stoptime     : 16.03.2016 10:46:27
CalibCoeff   : a=0.000000000E+000 b=0.000000000E+000 c=0.000000000E+000 d=0.000000000E+000
SpectrumText : 0 
3,41,30,15,5,11,9,10
11,12,9,9,18,16,15,12
18,14,23,14,11,12,15,16
20,20,20,22,24,18,18,26
14,21,24,19,28,27,26,36
25,30,31,46,56,77,63,103
93,116,141,136,122,136,117,154
151,171,216,228,281,320,392,392
414,436,448,378,394,394,315,314
299,318,316,317,296,289,340,277
286,246,224,177,187,166,159,155
165,202,223,210,234,288,312,293
353,327,338,322,321,312,296,281
315,270,291,310,326,351,373,394
369,381,336,323,302,276,234,185
176,118,98,92,60,55,40,40
37,30,40,31,27,48,30,32
22,41,39,45,56,35,50,71
45,48,62,56,69,84,90,91
109,98,81,97,123,119,123,145
156,163,154,184,213,189,203,246
250,288,328,305,351,354,393,379
438,420,472,477,467,515,460,508
499,522,486,514,498,493,524,527
556,606,586,625,640,761,818,936
992,1133,1145,1309,1472,1588,1696,1846
2004,2203,2242,2508,2460,2511,2492,2481
2464,2272,2214,2134,1973,1733,1561,1382
1336,1045,926,737,635,531,403,292
252,217,150,126,120,73,60,64
45,44,41,44,32,34,33,38
36,38,39,38,35,51,38,41
41,44,36,37,46,59,44,51
63,36,42,43,42,41,41,45
33,36,36,45,38,40,34,33
43,39,39,30,39,35,37,32
36,40,22,38,32,41,46,31
42,30,35,39,31,37,37,30
42,43,37,23,38,34,32,40
34,17,25,36,33,38,34,41
33,32,36,35,35,37,38,23
35,27,40,26,28,37,22,29
37,40,29,40,29,30,27,34
33,32,35,30,25,31,35,30
23,41,26,27,35,35,27,39
32,30,34,34,33,46,27,20
28,34,26,28,30,27,29,24
25,33,21,18,25,27,37,26
32,25,35,28,32,19,37,23
31,25,24,19,35,23,27,28
21,27,29,30,29,27,17,29
24,26,24,31,21,23,37,26
25,23,38,26,26,23,20,24
36,27,26,26,28,32,31,24
29,30,24,16,17,23,22,20
19,22,33,21,29,20,23,28
16,19,33,19,25,17,30,20
23,27,17,27,31,30,20,23
25,23,35,23,28,26,19,18
29,13,26,22,30,29,25,30
20,24,31,15,23,29,19,23
34,24,25,18,24,17,22,23
34,14,21,20,16,19,15,20
27,24,31,22,20,16,30,15
15,30,22,22,22,22,19,12
13,21,23,31,16,23,22,18
26,21,26,20,21,29,30,17
27,22,18,16,21,22,18,15
22,23,25,19,29,23,10,22
19,16,16,25,23,26,19,21
21,14,18,19,18,16,22,21
21,17,15,15,16,21,15,21
15,17,15,18,13,16,18,23
18,17,24,17,30,20,17,16
15,14,12,22,13,16,24,21
23,17,20,13,22,24,21,14
20,17,14,14,25,12,22,15
27,14,24,24,19,18,17,18
9,24,14,13,17,16,19,17
18,14,19,19,18,14,16,13
20,15,15,24,15,11,21,20
18,17,17,21,17,14,13,13
20,13,14,16,5,11,19,14
16,14,22,6,17,15,10,19
10,21,13,17,19,13,20,9
16,18,16,14,10,15,26,17
16,16,17,16,13,13,17,13
16,14,7,14,16,17,20,17
20,17,16,17,20,15,13,16
15,7,14,17,7,9,12,11
19,16,19,9,7,15,12,14
11,16,9,23,8,10,18,11
15,12,16,16,10,11,12,11
16,13,14,16,12,10,14,15
11,12,10,13,17,11,14,10
11,9,13,5,11,7,14,13
13,11,13,2,15,11,10,11
7,14,12,17,7,9,12,15
16,12,15,11,15,13,15,12
13,12,14,14,13,8,12,9
7,14,14,10,6,11,17,14
9,10,10,8,14,11,11,11
9,16,14,16,14,9,6,7
10,9,11,11,19,10,13,18
4,7,6,10,10,15,9,7
9,12,11,14,11,14,9,12
12,12,6,10,11,5,6,12
8,6,12,8,12,10,5,10
9,6,9,4,11,14,10,9
6,8,9,8,9,10,4,8
8,3,10,11,9,7,10,5
9,8,12,6,6,6,8,11
7,7,8,8,6,6,6,11
14,4,5,5,7,9,10,15
9,9,5,8,7,11,6,12
9,6,3,5,9,5,5,4
9,6,9,7,6,13,9,4
9,8,4,16,10,5,7,7
6,9,7,7,9,8,7,6
6,7,11,5,11,7,6,6
7,10,11,5,11,10,10,12
8,7,9,7,3,5,6,6
7,13,4,10,8,11,6,8
3,4,5,10,8,10,5,11
4,11,10,8,6,4,5,8
6,3,6,7,8,9,8,7
8,8,10,5,5,4,5,9
6,7,2,8,4,9,4,5
7,8,10,11,4,7,7,7
5,10,3,6,5,9,7,3
8,7,9,7,3,7,4,6
4,7,6,6,5,4,7,4
7,5,7,11,7,6,6,3
4,6,5,6,8,12,5,5
6,8,7,4,6,7,4,5
3,5,3,5,5,3,4,4
6,2,2,4,4,5,6,4
6,7,9,8,6,3,6,4
4,2,5,4,7,3,10,4
8,6,5,4,12,6,4,7
8,9,8,5,5,10,2,8
6,5,6,4,2,3,10,7
11,3,6,6,7,4,5,4
2,9,3,8,5,5,2,8
2,3,8,2,5,2,4,6
8,7,9,4,8,7,4,5
6,5,7,5,3,9,6,4
6,7,6,3,6,4,6,3
6,1,2,7,1,7,2,4
4,10,1,5,3,5,5,3
6,5,7,4,5,5,4,2
3,4,4,7,6,2,3,4
8,3,4,8,1,5,4,8
3,3,5,3,3,5,4,4
4,4,4,1,3,7,2,5
9,3,0,4,2,4,2,3
4,4,6,3,6,6,4,3
1,5,3,5,4,5,7,4
2,4,3,3,2,7,3,5
2,2,3,3,5,4,5,3
3,1,2,5,6,2,2,3
10,4,6,3,1,2,4,3
3,3,3,3,7,1,3,4
1,2,3,6,5,5,3,5
1,4,6,9,3,4,5,4
4,2,3,3,3,2,3,4
5,3,2,2,3,2,3,5
1,3,2,4,1,2,6,4
3,6,2,5,2,3,4,1
1,3,2,6,2,2,2,3
1,1,2,3,3,2,3,4
6,7,2,4,4,2,2,1
0,3,2,1,3,2,3,5
4,3,4,5,3,7,1,3
4,1,4,7,1,4,1,2
6,2,3,3,1,7,3,4
3,2,8,2,2,3,6,6
3,2,4,6,2,3,3,2
2,3,2,2,3,5,0,2
2,5,4,3,3,2,5,3
2,2,6,1,2,4,1,3
4,3,6,1,0,3,2,3
4,4,1,3,2,1,1,3
6,1,1,4,3,0,0,1
5,3,6,1,1,3,1,3
4,3,0,5,2,5,2,0
2,4,3,4,3,5,2,7
2,3,4,1,2,2,9,1
5,1,4,2,2,9,1,2
0,1,2,3,8,3,6,5
4,0,1,3,7,5,1,5
4,4,4,6,3,2,4,2
1,2,3,3,6,2,4,3
2,0,2,1,6,3,3,4
2,3,4,5,4,3,4,2
6,4,2,0,3,3,1,1
6,6,1,3,3,1,3,6
5,2,4,4,5,3,2,0
1,3,5,2,3,3,2,1
3,2,4,4,3,1,8,2
4,3,3,2,4,6,1,4
6,3,2,4,4,2,3,2
2,2,5,5,1,2,3,1
4,4,3,5,0,5,6,3
0,2,2,4,5,3,2,2
1,6,3,3,2,3,2,7
4,6,2,3,1,4,3,1
0,3,3,3,1,3,3,2
2,2,1,2,2,1,0,6
5,0,4,2,4,3,4,2
2,3,4,0,5,3,5,4
1,3,3,1,4,4,4,3
3,3,2,1,2,4,1,1
1,5,1,3,1,1,0,5
3,1,5,4,2,2,3,2
4,2,1,0,1,0,6,4
3,2,3,3,3,4,2,5
6,3,2,2,1,5,7,3
4,5,7,5,2,3,3,4
2,1,3,2,4,1,3,3
3,2,6,3,3,2,0,6
5,2,2,3,3,3,3,5
5,10,3,5,3,1,2,4
2,3,7,6,4,2,3,3
7,3,9,5,5,6,1,3
2,9,3,3,4,8,1,4
6,4,3,2,3,2,5,4
2,4,4,3,4,4,12,7
4,9,3,3,4,3,5,3
7,2,6,10,2,8,6,6
4,3,4,8,6,6,11,4
8,6,3,1,8,1,5,5
4,2,2,6,8,5,3,3
6,3,10,3,6,8,7,5
2,6,6,3,6,4,9,4
6,6,6,4,8,3,5,2
7,5,11,6,3,4,5,3
10,6,3,5,13,3,6,5
5,8,7,7,4,9,5,5
7,13,7,8,6,5,6,7
4,4,13,7,4,4,2,3
5,9,3,6,1,5,7,8
2,9,3,6,5,6,3,2
2,4,5,6,5,2,0,3
8,3,3,4,4,6,3,3
2,2,3,4,6,1,4,2
0,2,3,2,2,4,0,3
2,4,0,4,4,0,2,2
3,4,1,3,2,0,5,2
1,4,1,3,4,4,4,1
1,3,2,1,1,1,1,2
2,3,2,0,5,1,2,1
3,2,0,3,1,5,4,2
2,2,2,2,0,3,0,2
3,1,2,2,1,2,2,2
1,2,2,4,3,3,2,0
