SpectrumName : Messung_60Grad_LLDhoch.SPC
XUnit        : 
YUnit        : 
Length       : 2048
SubSpcNum    : 1
StartSubSpc  : 0
StopSubSpc   : 0
Comment      : 
Realtime     : 300.477
Livetime     : 300.000
Deadtime     : 0.477
Starttime    : 16.03.2016 13:33:23
Stoptime     : 16.03.2016 13:38:24
CalibCoeff   : a=0.000000000E+000 b=0.000000000E+000 c=0.000000000E+000 d=0.000000000E+000
SpectrumText : 0 
0,0,0,0,0,0,0,0
0,0,0,0,0,0,0,0
0,11,11,10,5,7,7,8
5,11,5,4,7,6,8,4
7,6,11,3,11,8,11,11
5,5,9,12,13,8,6,9
14,13,13,9,7,20,17,10
7,6,8,8,7,7,13,8
8,10,3,12,8,12,13,9
10,9,9,10,7,12,3,12
10,9,7,13,13,9,9,17
11,6,9,19,12,6,20,12
15,11,13,9,14,9,20,10
10,14,15,18,15,16,12,18
10,9,11,14,12,12,11,18
15,19,13,18,9,26,12,13
17,6,19,15,14,13,10,23
23,20,11,13,18,26,19,14
17,13,17,14,15,14,18,19
19,26,26,22,24,17,23,21
26,30,28,19,23,19,17,22
20,20,16,26,23,26,21,21
15,19,32,23,26,16,22,35
26,24,23,26,25,33,23,22
24,26,25,29,19,30,27,33
23,34,33,20,27,41,33,33
38,39,40,38,36,35,36,26
41,33,42,34,48,32,36,44
35,39,39,40,27,37,48,33
33,42,40,27,36,35,28,63
36,46,39,42,61,52,44,46
42,52,55,58,52,72,62,53
64,70,75,59,71,77,70,76
62,59,58,78,57,70,72,53
54,48,47,63,56,58,52,53
60,42,42,48,48,60,51,47
51,62,49,41,53,52,39,45
56,43,57,51,58,53,54,46
62,45,57,48,49,44,45,48
49,48,44,51,49,54,46,59
42,39,52,50,57,45,45,42
40,50,44,39,41,35,46,49
32,41,38,39,32,48,46,39
49,44,37,48,36,38,36,52
33,49,40,51,55,50,47,42
45,47,48,35,43,36,49,49
43,42,61,44,36,46,42,30
51,45,41,49,42,45,42,39
43,47,48,44,46,48,34,46
42,29,45,41,49,42,49,49
38,37,58,36,53,42,32,30
38,30,37,50,43,45,55,52
33,46,42,38,58,42,51,54
40,46,42,48,31,45,43,30
35,32,37,47,40,38,37,31
43,37,60,47,47,47,39,45
43,35,44,39,34,31,27,42
38,47,52,38,43,48,38,39
39,31,33,34,49,37,41,43
50,37,42,36,40,31,43,51
36,41,43,32,40,38,39,38
26,37,29,34,42,40,34,41
38,29,35,42,41,36,30,40
34,35,29,36,43,47,36,36
34,45,31,33,39,36,37,30
51,32,38,43,27,33,27,43
36,32,44,45,44,40,33,40
42,45,47,39,24,38,41,35
41,40,33,28,29,38,29,44
31,33,35,30,42,34,43,28
40,37,37,42,39,36,42,33
46,27,29,27,44,38,27,40
40,32,51,44,28,57,46,38
41,43,32,37,40,42,42,47
40,31,37,43,38,54,52,43
49,49,41,44,44,47,39,47
46,39,41,51,48,55,46,50
48,58,55,46,33,57,48,59
50,42,50,51,47,62,50,44
55,50,50,53,54,65,54,46
61,45,33,40,41,34,35,34
41,42,36,37,45,36,43,42
27,41,29,37,38,28,28,44
38,38,25,26,24,29,32,26
28,38,23,27,24,25,19,33
24,15,26,30,26,18,17,29
35,28,27,13,17,24,24,21
24,26,28,29,21,22,24,27
27,19,29,22,17,17,18,15
23,31,12,25,15,22,20,22
19,20,25,19,24,12,13,15
14,20,16,21,21,19,23,15
23,17,13,12,22,15,20,22
25,11,17,19,18,17,18,15
12,14,17,25,25,28,16,18
17,11,16,20,18,22,21,20
22,17,19,21,21,25,22,18
16,18,17,9,17,22,19,20
15,18,20,17,16,12,13,24
28,20,14,13,20,13,19,13
23,16,19,15,19,12,14,20
12,15,11,14,10,20,14,15
17,12,13,18,10,15,20,13
14,14,10,14,11,17,9,14
11,16,13,21,18,17,8,18
8,17,14,18,15,16,18,13
4,8,10,15,18,9,11,11
14,14,18,17,11,8,11,7
10,15,14,10,11,7,14,15
11,12,10,24,7,7,16,9
8,15,10,10,13,12,11,9
14,9,14,14,8,12,13,11
5,6,16,7,14,9,12,8
11,15,10,8,11,11,9,13
12,12,5,8,7,11,7,9
8,13,11,11,10,8,8,8
10,4,22,12,12,8,5,10
15,11,7,11,11,9,10,9
11,8,8,14,8,11,8,11
15,8,8,12,15,15,10,9
10,9,4,5,10,12,8,13
10,13,12,10,10,9,6,8
6,8,6,14,8,10,14,12
9,3,4,6,11,9,6,8
16,13,7,10,11,12,8,11
8,12,9,6,13,8,10,8
12,7,10,10,9,7,9,4
14,3,7,7,4,8,11,10
15,5,11,9,9,10,14,11
10,11,7,9,10,7,8,8
10,8,6,11,10,10,6,5
8,13,11,6,8,7,6,8
10,10,8,12,8,5,8,7
5,6,2,4,7,6,7,9
13,6,7,9,12,11,5,7
8,2,6,6,8,8,5,10
7,13,12,13,11,9,6,10
8,8,5,4,8,6,7,5
9,5,9,7,11,6,9,6
8,11,6,9,8,6,5,9
9,7,6,4,9,5,10,1
10,4,9,5,4,8,5,8
9,4,4,8,6,10,6,7
5,7,5,4,8,9,6,10
3,8,5,7,7,11,14,7
13,8,4,7,6,4,5,8
4,6,7,7,9,6,8,3
8,8,8,1,5,11,4,5
3,7,11,9,7,5,8,4
9,7,6,9,5,12,4,10
4,3,9,4,0,4,1,4
7,8,6,4,5,8,10,5
10,4,6,8,10,12,4,8
5,9,6,1,8,6,3,6
5,3,7,6,3,7,8,8
4,4,5,3,5,3,5,7
12,9,5,2,2,4,5,4
4,6,7,3,6,8,7,3
5,5,5,8,10,7,4,5
1,6,5,8,6,3,12,9
1,4,6,6,3,7,6,4
7,7,4,6,3,7,5,7
6,5,7,3,5,8,4,7
4,6,8,7,9,7,6,4
4,8,7,4,6,5,10,2
2,7,3,5,9,2,3,8
7,9,4,5,2,9,7,2
7,4,4,4,1,2,7,8
4,10,0,5,5,7,4,8
4,5,3,4,1,8,4,5
4,2,5,6,8,2,7,3
5,7,6,5,5,7,9,4
5,5,6,4,5,3,5,5
9,3,3,5,11,6,3,6
3,8,5,7,14,4,4,8
5,5,2,6,4,7,6,4
4,10,6,3,8,6,7,7
7,4,5,5,14,1,6,11
5,1,5,9,8,9,6,5
11,10,4,3,5,5,1,9
10,2,9,8,8,4,5,5
9,7,9,12,6,11,11,7
12,5,10,14,15,11,6,8
6,8,10,13,5,12,4,7
8,10,13,10,18,12,9,11
18,8,9,11,16,6,7,7
7,9,11,12,10,10,12,11
11,14,12,9,17,8,19,11
13,16,12,11,15,9,14,9
12,9,14,18,12,9,15,11
16,9,12,12,10,8,10,16
9,11,4,20,11,7,10,14
12,11,16,13,14,16,10,13
11,12,13,16,13,17,9,10
15,13,14,11,10,11,11,11
13,9,15,15,17,12,9,11
13,7,17,10,12,18,10,8
11,13,16,13,11,12,11,13
12,11,15,13,11,7,9,6
11,12,13,12,7,8,7,6
13,6,8,9,9,13,6,6
6,9,12,7,12,8,8,5
12,11,4,6,7,3,16,13
10,9,8,2,9,6,7,9
10,17,5,8,4,8,5,8
8,4,5,8,10,8,13,5
7,4,4,7,5,10,5,5
5,3,2,8,3,5,8,8
7,7,3,5,8,3,5,5
8,7,4,5,4,4,2,4
7,6,5,8,7,5,8,7
4,2,5,3,6,1,6,4
6,7,7,3,7,5,3,5
4,7,4,5,5,5,3,4
6,4,4,2,4,4,1,8
5,3,5,3,1,7,3,4
3,5,0,6,6,4,2,1
2,3,4,8,5,3,4,6
6,2,3,5,1,5,6,4
4,4,7,2,4,6,4,5
3,4,6,3,4,3,7,5
1,3,4,3,6,5,7,7
5,4,6,5,2,3,4,3
5,8,4,3,3,5,5,6
6,8,7,10,2,4,6,7
3,4,8,3,6,5,3,6
5,1,6,6,10,5,4,4
5,6,5,5,3,2,5,4
4,4,9,5,8,5,7,13
10,4,7,4,6,6,6,7
6,4,7,5,3,10,7,8
6,6,2,5,1,4,3,2
7,3,6,1,5,8,5,3
2,1,2,5,2,10,3,5
0,2,5,5,5,2,7,4
3,1,2,3,2,5,3,8
10,6,7,2,4,6,7,5
6,4,7,12,10,7,5,9
4,7,4,4,5,2,4,5
5,4,4,5,3,5,8,5
4,2,3,4,1,4,5,4
7,6,5,4,7,6,4,4
4,3,2,3,3,3,1,2
6,8,3,3,4,2,3,4
2,4,2,5,4,5,5,5
3,1,6,4,2,1,4,1
6,3,3,3,1,4,2,2
3,2,5,7,3,5,4,3
2,5,2,3,1,5,4,1
0,2,2,3,9,8,4,2
3,0,5,3,1,6,1,5
8,2,4,5,3,5,1,2
3,6,3,3,0,6,1,6
1,3,3,4,4,4,3,4
3,6,8,3,5,2,3,3
4,1,2,4,4,6,2,0
