SpectrumName : Messung_30Grad_LLDhoch.SPC
XUnit        : 
YUnit        : 
Length       : 2048
SubSpcNum    : 1
StartSubSpc  : 0
StopSubSpc   : 0
Comment      : 
Realtime     : 300.675
Livetime     : 300.000
Deadtime     : 0.675
Starttime    : 16.03.2016 13:49:51
Stoptime     : 16.03.2016 13:54:52
CalibCoeff   : a=0.000000000E+000 b=0.000000000E+000 c=0.000000000E+000 d=0.000000000E+000
SpectrumText : 0 
0,0,0,0,0,0,0,0
0,0,0,0,0,0,0,0
1,15,9,13,14,9,6,20
9,7,9,8,9,13,9,12
5,9,10,10,12,10,11,14
10,14,21,13,11,13,13,10
10,6,15,12,15,11,9,11
15,24,19,17,18,7,10,10
14,13,13,13,17,14,11,12
13,16,19,8,11,17,15,17
11,10,21,12,15,18,9,15
18,18,13,19,14,20,15,11
13,23,15,21,18,22,14,15
18,15,18,19,17,13,22,18
15,12,11,21,20,15,12,17
16,16,20,13,13,11,16,19
19,20,11,15,17,18,12,19
25,17,16,18,16,22,29,18
21,24,16,19,22,28,24,26
24,21,24,18,24,30,29,26
30,29,17,32,20,23,24,21
32,30,22,22,25,31,28,18
36,27,33,23,22,21,23,29
33,22,23,31,31,27,35,30
29,41,44,41,26,28,28,45
24,30,35,34,42,34,40,40
48,37,45,41,42,40,36,31
41,27,44,40,43,34,31,36
52,41,38,50,44,56,41,48
42,44,51,47,45,43,62,40
49,41,62,49,66,45,62,50
62,63,61,64,56,69,80,77
82,71,84,64,88,75,88,74
84,71,78,65,84,74,88,71
63,51,63,69,66,46,68,47
56,64,60,54,58,60,61,55
54,67,53,56,63,72,68,67
60,60,64,59,73,57,70,51
65,59,59,49,70,61,50,49
56,46,52,40,59,48,54,55
54,44,45,47,48,46,60,36
61,52,28,43,63,45,45,53
65,45,39,46,42,43,52,41
45,48,50,45,59,49,49,56
39,57,47,57,51,56,38,50
45,39,50,44,50,37,36,50
43,44,44,55,56,37,57,34
50,41,41,40,40,42,43,65
46,55,50,53,42,42,54,35
44,42,44,49,52,51,49,44
36,54,46,41,59,39,38,48
29,50,51,44,55,36,39,35
45,53,55,50,43,51,30,41
45,64,42,54,47,43,55,46
51,57,45,30,43,50,43,37
42,35,47,52,46,43,43,44
52,40,47,33,42,49,44,49
43,44,40,44,62,33,37,52
42,47,50,38,47,43,31,32
45,37,51,31,43,43,39,44
44,34,45,50,46,52,46,36
47,54,41,41,33,32,33,37
40,40,45,46,27,49,39,56
41,33,44,32,37,39,36,38
46,51,48,41,40,38,32,40
52,39,44,33,54,20,51,47
47,28,48,50,51,38,49,44
44,48,48,37,42,45,50,50
32,47,46,34,54,40,53,54
40,52,56,45,32,50,52,54
41,56,56,37,44,47,46,49
49,52,50,41,54,56,44,44
53,37,53,46,58,62,53,61
47,68,55,78,46,66,61,60
67,53,58,65,64,65,57,72
69,73,70,73,64,61,68,67
85,69,80,67,74,83,89,71
91,67,74,62,72,62,73,81
64,66,78,64,69,69,75,58
57,69,73,63,71,70,71,57
58,56,60,70,69,59,53,63
43,58,42,44,66,62,55,45
64,45,31,54,47,38,34,41
42,42,35,30,44,36,40,38
42,35,35,35,38,32,39,36
35,40,32,29,33,24,28,28
29,21,27,24,37,21,29,34
27,22,30,30,32,28,28,28
22,17,27,21,25,28,23,18
22,18,26,23,16,27,35,26
26,22,22,30,18,21,16,18
22,18,27,27,24,23,30,20
21,23,20,27,16,24,29,19
16,23,17,20,21,22,24,15
17,28,18,22,22,28,23,25
25,16,14,18,23,17,19,19
26,14,29,18,20,23,22,22
16,15,23,20,24,15,25,16
12,18,21,24,25,21,20,17
22,23,16,21,24,21,18,22
12,19,12,21,21,17,21,17
21,19,20,28,20,20,20,15
14,16,22,26,19,21,13,18
14,19,16,18,23,17,16,24
24,22,24,16,22,14,16,18
14,20,15,16,12,21,15,12
24,17,15,17,15,18,15,11
23,8,20,20,17,15,11,17
12,21,13,14,18,17,20,19
9,16,12,17,16,16,14,12
14,10,22,5,7,10,11,20
9,21,13,11,22,9,16,9
18,17,16,26,15,10,18,16
13,21,8,15,16,6,12,16
14,8,12,17,13,18,13,13
12,20,15,15,15,18,11,10
11,13,17,12,23,11,18,12
19,13,11,17,17,7,13,13
16,13,15,12,15,15,11,10
14,5,14,8,15,16,17,17
14,15,12,14,12,21,14,13
16,10,11,13,15,10,13,18
14,9,14,12,10,21,20,12
12,17,16,19,7,14,15,16
14,20,15,16,14,14,18,14
20,16,12,11,13,12,18,13
8,15,10,10,13,11,12,15
11,14,13,10,14,9,13,15
14,11,9,11,13,13,13,13
14,10,15,8,13,13,7,14
13,15,18,10,7,12,17,13
14,16,11,12,13,14,9,17
9,13,13,15,4,16,11,11
5,11,12,8,14,18,10,5
15,10,14,13,12,8,15,16
12,14,15,15,10,3,12,10
12,13,10,4,11,15,6,13
12,16,12,13,10,14,14,22
13,11,10,13,13,14,9,8
9,19,9,13,15,12,10,20
10,6,21,9,5,9,17,9
7,11,17,6,8,14,10,11
8,16,11,7,11,13,9,11
9,16,15,9,18,14,9,12
14,9,13,13,14,15,10,10
13,4,8,11,13,13,9,10
9,12,17,10,7,10,16,12
15,14,11,6,8,5,15,12
20,7,13,13,14,5,11,10
7,12,14,14,7,8,16,19
9,12,10,16,7,11,7,12
10,15,9,5,14,4,9,11
11,9,5,9,13,12,12,8
9,16,10,6,9,15,7,8
15,11,12,5,11,13,11,11
14,6,14,12,9,15,5,6
9,14,16,8,8,11,7,3
9,11,12,10,16,6,5,11
14,13,9,11,8,10,12,10
6,14,11,7,11,11,10,4
8,11,10,11,9,14,4,11
8,8,9,12,6,10,9,7
5,10,15,9,9,4,11,17
8,11,14,5,4,11,9,12
9,7,3,3,9,9,11,8
8,11,10,10,7,5,10,5
12,8,16,5,6,7,7,8
8,8,6,5,3,8,8,8
5,10,7,2,4,5,12,8
14,4,8,10,5,7,12,6
8,9,6,4,9,9,5,7
9,6,8,8,7,8,12,7
9,6,7,7,11,8,6,8
6,8,5,8,4,9,8,9
6,11,9,6,10,6,7,10
5,11,4,7,5,3,6,8
3,7,6,8,6,2,5,2
2,2,3,9,9,6,10,8
8,7,7,3,7,8,5,5
9,5,6,5,4,11,6,8
10,6,8,10,3,9,9,6
6,9,11,6,7,4,7,7
9,5,7,5,1,7,4,8
6,5,4,6,5,9,3,6
3,7,8,8,7,8,5,6
3,3,11,3,10,2,5,6
9,5,8,7,4,7,2,7
4,4,5,2,5,6,8,2
5,8,5,8,3,9,2,5
4,9,12,3,10,5,4,5
6,5,4,10,11,8,11,6
5,6,6,5,0,9,4,13
6,9,7,5,2,9,8,4
6,5,5,3,9,10,5,0
3,4,5,5,10,7,10,5
7,5,3,5,9,11,10,3
2,3,8,2,3,6,4,6
11,3,10,3,5,7,6,4
4,6,8,4,6,1,9,5
10,7,9,7,8,9,4,7
4,4,9,6,5,6,5,8
6,9,6,7,3,7,4,8
7,8,9,7,8,6,7,8
3,9,8,12,3,8,8,4
2,4,10,9,7,7,7,6
5,2,13,5,7,8,9,8
10,3,4,6,8,4,2,11
6,7,8,10,7,4,6,12
2,10,5,9,8,3,4,4
9,8,2,9,5,8,6,9
8,9,8,6,5,7,10,7
6,6,3,3,7,7,10,4
9,7,5,7,5,8,10,7
11,9,17,8,8,6,3,7
6,8,9,6,7,5,9,11
3,10,10,7,5,9,8,9
9,3,5,8,10,10,8,10
9,10,11,12,12,10,12,11
8,8,16,14,14,8,21,12
11,5,14,9,12,11,13,17
17,8,16,22,20,20,19,17
10,22,20,16,17,20,18,16
15,25,30,23,27,20,21,18
24,24,29,28,35,23,26,37
28,31,41,34,22,41,23,34
34,21,41,36,38,36,38,40
44,36,55,33,38,42,40,51
48,58,48,41,60,41,52,52
57,51,40,54,48,62,62,50
51,63,61,62,58,55,44,61
62,69,53,55,47,53,55,63
61,57,51,53,46,56,41,48
54,50,61,44,59,54,56,44
45,42,38,35,49,43,36,37
36,29,35,28,36,26,28,45
29,33,33,24,18,31,26,31
21,27,22,31,24,10,16,19
19,12,16,11,19,22,16,16
25,19,10,13,15,10,15,17
8,12,9,14,7,12,15,12
15,15,15,13,12,14,10,6
13,11,4,10,11,7,5,4
12,6,10,8,4,7,10,5
6,4,7,6,5,2,3,5
2,4,3,3,3,6,2,3
3,5,2,2,2,1,7,3
2,5,2,2,5,1,2,3
5,1,3,3,1,3,4,3
7,2,1,2,2,5,1,1
5,2,2,4,3,5,4,4
1,5,4,3,2,1,5,1
4,1,1,3,2,1,4,0
2,3,5,2,4,5,5,5
5,1,3,5,4,4,4,1
5,4,5,1,1,6,2,2
4,4,2,2,1,7,7,0
