SpectrumName : Messung_50Grad_LLDhoch.SPC
XUnit        : 
YUnit        : 
Length       : 2048
SubSpcNum    : 1
StartSubSpc  : 0
StopSubSpc   : 0
Comment      : 
Realtime     : 300.524
Livetime     : 300.000
Deadtime     : 0.524
Starttime    : 16.03.2016 13:39:06
Stoptime     : 16.03.2016 13:44:06
CalibCoeff   : a=0.000000000E+000 b=0.000000000E+000 c=0.000000000E+000 d=0.000000000E+000
SpectrumText : 0 
0,0,0,0,0,0,0,0
0,0,0,0,0,0,0,0
0,12,14,13,4,1,7,3
15,7,14,14,7,4,8,8
16,6,10,9,8,12,8,12
13,8,8,7,10,6,9,8
14,12,5,10,9,13,8,4
15,8,11,9,11,13,10,8
10,7,12,6,8,7,12,11
11,8,11,5,18,15,10,12
10,14,13,11,11,6,10,10
18,9,16,13,7,14,9,11
16,17,16,14,14,15,18,14
15,10,15,14,17,12,18,21
17,18,13,12,12,9,14,16
17,14,13,20,13,17,12,16
16,12,14,14,14,19,14,16
13,18,14,16,19,14,12,15
14,17,10,16,21,13,14,22
26,22,16,20,21,20,28,26
17,31,26,18,13,17,29,32
23,17,30,17,24,19,18,24
17,24,28,23,27,26,27,32
34,22,23,22,27,22,28,26
29,30,20,17,33,29,26,34
33,33,29,26,42,32,22,28
41,28,39,32,32,37,37,36
33,35,41,31,37,33,45,32
46,40,41,42,40,51,39,39
40,36,32,43,41,51,42,49
54,34,45,54,41,47,58,61
53,63,53,67,59,64,64,68
62,67,71,61,67,61,51,59
71,76,57,74,56,55,68,67
59,58,66,54,56,61,62,47
44,45,59,46,59,50,46,51
54,47,46,48,64,51,51,62
49,59,58,54,68,47,72,50
48,59,47,45,54,43,51,48
39,50,51,45,39,44,48,42
50,49,47,52,54,41,41,56
45,47,36,40,51,49,39,52
42,52,32,42,28,35,36,47
33,41,50,50,38,40,41,45
52,47,39,37,50,47,35,49
55,43,51,34,44,42,40,45
44,59,43,51,44,44,47,26
47,56,45,38,30,50,37,41
41,52,46,56,52,65,35,45
48,45,40,45,57,47,41,46
48,33,42,29,32,47,42,54
53,44,40,48,43,47,42,54
45,52,38,47,47,33,43,49
40,51,45,49,46,45,46,46
54,45,47,50,30,48,54,40
40,47,31,41,45,39,34,37
41,51,34,34,37,50,44,38
35,39,35,45,33,37,48,47
45,44,44,40,38,46,44,36
42,30,35,46,45,48,40,30
41,34,39,35,48,36,34,40
41,43,34,32,38,48,36,47
38,39,33,41,43,34,53,37
28,37,39,37,45,40,34,23
47,34,37,43,37,34,41,34
42,51,47,36,37,35,41,42
39,40,37,40,43,35,42,33
40,38,38,46,46,44,39,41
36,38,23,48,44,44,36,35
30,47,30,45,40,48,39,41
52,47,44,38,49,43,45,39
53,52,44,43,45,29,26,57
53,51,44,44,42,43,50,54
41,55,49,49,54,54,47,40
53,50,45,63,50,48,53,46
49,50,44,45,51,54,62,58
62,49,49,48,39,57,62,53
73,53,65,78,63,48,61,55
53,61,63,63,51,57,54,63
55,61,54,56,49,50,58,49
54,49,47,53,45,52,44,66
42,52,46,39,41,38,35,43
50,50,54,43,28,41,37,43
34,39,37,23,42,28,29,23
25,33,36,26,25,28,29,26
36,20,30,22,25,24,27,22
29,29,26,28,22,19,29,29
24,23,20,32,24,21,21,27
22,19,13,27,19,16,26,25
25,21,25,17,25,28,26,20
23,21,19,19,17,19,26,30
18,15,14,13,26,23,23,23
29,18,20,10,21,17,14,16
24,16,19,24,31,33,9,21
24,18,20,17,14,19,18,19
20,17,21,19,18,17,23,23
19,19,14,21,14,24,17,23
22,25,12,13,13,20,18,18
19,31,16,21,15,16,17,11
23,24,21,19,15,22,18,23
17,16,19,20,27,13,23,19
15,12,13,17,29,12,17,7
21,11,18,17,14,20,8,22
13,11,11,15,17,20,20,18
15,21,13,10,13,9,18,12
13,15,8,16,10,16,11,14
12,13,14,7,11,11,12,14
14,17,8,21,18,16,5,17
10,11,18,18,9,17,18,18
4,10,10,11,14,11,13,19
10,9,19,14,13,18,12,10
13,14,12,10,6,15,11,13
10,4,6,9,13,10,17,16
10,12,13,11,9,15,15,13
11,14,19,19,10,12,12,10
10,16,16,11,10,5,7,15
17,15,13,14,13,8,9,4
14,10,14,12,13,10,7,11
15,11,20,5,9,14,11,12
5,9,10,12,12,18,9,7
12,3,11,8,14,12,14,15
9,10,7,10,17,11,10,14
11,10,13,12,12,8,14,11
13,8,17,9,11,7,11,8
9,12,16,11,10,9,7,9
15,9,10,10,12,8,7,8
6,16,10,3,8,8,9,9
15,12,11,3,14,9,9,8
9,6,7,11,11,15,6,8
19,8,9,12,8,8,10,6
11,13,10,11,9,3,8,10
8,16,8,14,10,6,6,7
14,8,8,5,7,7,9,11
9,10,15,5,16,9,10,9
11,8,5,9,7,6,8,6
5,9,16,11,12,7,10,8
12,8,3,9,3,7,8,9
4,6,12,17,9,10,15,5
2,5,7,8,8,10,5,5
7,8,5,8,14,6,11,6
11,5,10,10,18,10,10,7
9,7,7,12,15,11,10,11
7,8,12,11,4,15,11,8
14,7,7,9,6,5,7,9
4,8,9,8,7,5,11,12
5,3,5,10,10,5,8,4
8,16,5,8,11,7,8,12
6,4,4,8,10,2,8,10
8,9,10,7,7,4,5,4
11,9,10,9,11,8,8,6
10,1,7,7,5,6,6,8
6,4,7,3,6,4,9,9
6,3,9,5,3,5,8,10
6,5,4,7,9,6,4,5
8,4,7,8,5,3,4,7
8,4,9,8,5,6,9,8
5,8,4,5,6,4,5,2
6,6,6,8,7,9,4,6
10,10,6,7,6,5,8,3
6,4,5,9,5,2,7,7
3,5,7,7,7,5,6,3
4,5,1,6,6,3,7,3
7,2,5,8,8,5,3,7
4,7,4,3,1,9,7,4
5,7,5,4,3,6,7,6
7,5,6,9,3,5,6,4
4,9,5,4,2,11,4,8
5,3,5,3,6,10,4,6
7,5,2,6,2,10,4,3
7,6,3,9,9,6,3,2
7,5,3,3,7,7,4,9
11,4,8,10,2,4,6,6
8,9,6,6,3,2,6,6
5,10,5,5,5,7,2,3
5,2,4,3,10,6,6,4
5,6,5,8,5,6,5,2
6,2,3,7,3,5,4,8
5,8,7,14,7,10,10,6
3,5,3,6,8,8,10,6
9,4,5,4,1,3,3,8
9,7,8,5,3,3,2,9
6,7,4,3,6,6,3,11
8,5,6,9,5,4,9,2
2,6,5,5,9,4,5,5
2,4,3,8,5,4,5,5
8,3,7,6,4,7,10,4
1,7,4,5,2,2,5,6
7,6,4,4,12,9,10,8
3,8,10,6,6,5,6,8
10,7,6,8,2,4,8,7
8,2,7,12,11,7,9,6
2,7,5,8,6,8,6,7
3,3,6,4,4,9,7,5
6,6,10,10,11,11,12,8
8,13,9,10,10,10,6,4
10,8,6,6,9,16,10,11
8,5,4,10,6,7,18,11
12,12,11,11,14,15,15,15
10,8,7,8,19,21,12,17
10,8,8,13,12,14,21,12
18,18,14,9,13,13,13,13
11,18,5,14,16,16,13,12
14,15,19,11,14,18,17,9
21,16,14,9,18,18,14,17
17,21,19,20,17,23,22,21
11,15,13,13,16,14,22,13
23,13,14,27,12,13,17,15
10,15,18,20,9,15,12,17
18,19,14,11,8,16,22,18
15,9,19,18,12,17,18,19
19,17,16,19,13,22,24,11
17,11,17,10,8,14,14,15
20,23,23,13,15,15,18,12
12,12,16,6,18,13,11,12
11,14,13,19,18,14,23,8
19,6,6,17,10,9,15,14
12,11,8,9,13,11,8,7
5,9,12,11,8,8,15,9
12,18,9,15,11,7,4,11
14,10,21,16,7,10,9,10
9,10,11,12,6,13,11,11
12,8,13,6,8,9,7,8
3,6,7,11,9,6,7,10
11,10,6,6,10,5,4,7
9,8,11,15,4,11,8,7
4,10,6,8,8,8,9,8
6,11,9,12,6,10,7,6
5,3,6,11,6,7,9,9
8,8,7,7,6,6,7,6
5,6,1,8,10,7,4,4
6,3,7,6,6,4,8,2
5,8,7,7,3,4,4,8
10,7,5,7,7,2,9,5
5,5,7,3,6,6,2,1
6,5,4,4,5,4,4,9
4,7,5,5,4,1,6,4
4,4,7,5,6,4,2,5
8,1,5,5,9,4,4,4
5,2,4,6,4,5,5,8
5,2,2,4,6,8,3,3
7,7,9,4,5,4,3,1
3,3,4,3,10,4,9,5
4,5,2,5,2,3,2,4
4,0,0,4,7,1,3,2
5,2,9,4,3,5,5,2
6,3,3,1,3,3,3,2
3,2,12,2,0,4,3,1
4,1,4,1,1,0,2,1
4,4,4,3,3,2,1,5
1,4,4,2,2,3,5,5
9,6,6,2,2,4,3,4
4,5,2,5,0,5,1,1
3,0,1,8,2,3,1,3
7,2,5,4,5,4,0,5
1,4,5,5,4,1,3,2
2,2,2,1,0,0,2,0
