SpectrumName : Messung_1cmAlu_40Grad_LLDhoch.SPC
XUnit        : 
YUnit        : 
Length       : 2048
SubSpcNum    : 1
StartSubSpc  : 0
StopSubSpc   : 0
Comment      : 
Realtime     : 300.899
Livetime     : 300.000
Deadtime     : 0.899
Starttime    : 16.03.2016 12:40:09
Stoptime     : 16.03.2016 12:45:10
CalibCoeff   : a=0.000000000E+000 b=0.000000000E+000 c=0.000000000E+000 d=0.000000000E+000
SpectrumText : 0 
0,0,0,0,0,0,0,0
0,0,0,0,0,0,0,0
2,11,18,15,12,17,15,16
8,15,20,10,18,17,14,16
17,12,11,9,15,12,15,18
18,19,16,19,18,13,21,17
12,18,11,11,16,14,21,13
13,16,17,20,20,10,14,16
9,12,27,12,27,15,28,16
20,13,17,20,25,13,18,13
18,26,23,15,25,19,23,21
30,20,22,23,21,17,17,20
17,26,17,26,17,20,21,20
26,19,29,25,23,18,21,32
20,13,16,24,15,29,21,20
18,23,15,23,28,32,17,25
21,25,20,32,29,24,21,27
26,31,29,27,37,29,33,27
27,31,41,33,27,34,31,31
39,33,24,31,24,33,32,32
33,35,33,30,32,30,45,30
39,40,39,26,22,41,37,38
29,32,33,28,26,25,28,34
47,23,27,40,42,36,45,47
48,47,30,48,57,43,43,42
38,44,35,52,48,44,32,49
37,46,40,36,38,41,41,58
36,51,43,47,49,48,53,54
57,46,48,56,57,53,47,53
57,64,53,47,45,57,60,64
64,53,68,69,61,71,75,58
85,86,94,79,94,103,92,89
107,87,109,105,114,116,102,112
106,107,114,103,100,89,97,78
76,82,88,90,73,61,71,85
85,60,86,78,68,73,60,50
67,74,72,70,74,66,77,68
90,79,60,74,67,92,73,76
74,69,81,80,68,70,60,73
59,57,71,61,51,63,65,56
69,62,49,56,57,71,67,65
59,60,61,64,56,59,57,70
61,46,61,52,45,68,66,61
74,52,44,71,51,65,71,76
51,59,59,67,71,57,52,56
56,58,51,68,54,49,58,69
56,62,72,64,60,71,79,47
54,67,58,58,49,61,53,58
50,61,49,51,65,50,63,71
73,58,61,67,66,62,79,60
74,62,57,64,55,67,80,60
49,52,56,47,58,62,62,58
61,52,52,62,64,66,62,57
67,66,68,60,51,52,62,66
50,54,56,51,48,70,58,53
48,64,53,56,55,40,51,60
49,56,70,56,57,66,53,47
57,49,43,69,45,60,50,59
55,60,59,40,58,51,51,43
59,50,69,56,55,64,51,46
59,51,63,54,52,57,48,65
66,57,64,56,50,51,41,52
53,65,48,50,62,56,59,55
49,47,57,50,58,61,58,70
46,58,61,51,55,56,52,47
46,63,59,57,56,37,59,55
52,60,54,60,59,62,45,61
50,79,60,45,58,57,58,67
59,66,61,68,62,62,60,61
52,53,56,60,58,68,51,70
54,67,61,69,56,56,53,54
48,64,53,61,69,74,56,62
63,44,73,62,67,74,64,74
60,62,64,59,66,77,87,84
53,64,66,77,77,77,91,59
68,79,84,86,78,86,95,93
83,81,89,87,68,75,66,63
85,89,79,74,82,97,71,93
91,86,87,71,85,68,92,75
71,93,92,73,78,77,63,70
69,81,74,60,54,69,83,68
71,65,69,73,58,53,57,59
48,37,54,74,51,49,41,49
54,58,51,54,51,51,60,57
50,43,53,39,41,51,48,51
41,43,53,44,42,36,39,46
46,41,47,47,37,45,44,32
50,40,32,34,33,25,44,35
28,36,52,40,38,42,36,27
38,27,30,46,38,28,40,42
40,35,32,31,33,44,42,29
38,33,32,24,27,36,32,28
23,40,35,35,38,33,39,35
34,20,39,24,42,46,24,32
24,30,26,39,29,29,33,35
37,32,30,23,35,30,37,30
33,35,22,27,20,25,32,31
30,24,38,37,28,21,35,32
35,28,33,18,29,29,35,23
26,25,29,30,25,22,23,28
40,30,38,33,34,25,34,25
25,26,24,29,38,27,17,32
22,26,29,29,18,39,29,27
28,29,28,25,22,25,40,28
30,32,29,26,22,39,25,22
30,29,25,30,23,31,18,30
17,24,22,29,20,22,25,19
22,25,32,26,28,19,30,27
31,30,30,22,16,18,18,20
24,24,28,24,32,22,28,35
16,15,25,25,19,26,29,29
32,36,19,22,19,25,18,35
20,28,21,18,29,19,17,14
22,26,33,16,17,16,22,24
24,33,15,17,13,25,22,21
15,21,17,20,14,26,20,30
27,20,21,32,17,17,23,19
24,18,17,29,14,22,21,21
25,18,20,24,26,20,25,18
24,19,20,24,19,14,22,23
15,18,20,22,8,19,22,17
24,14,23,22,19,27,16,20
22,24,18,28,18,23,25,22
24,22,21,24,21,17,21,23
23,20,17,25,22,19,25,19
19,15,12,21,28,25,25,23
23,14,25,17,24,20,20,24
23,17,19,18,19,18,17,21
18,21,14,11,18,13,28,19
18,15,13,14,18,27,23,19
20,18,14,20,12,17,15,22
17,13,19,13,12,17,15,23
14,18,22,15,7,19,14,17
15,22,14,18,15,13,9,17
19,20,15,12,9,11,17,18
17,19,18,15,21,7,13,12
10,18,14,16,17,16,21,12
12,11,22,14,19,16,14,11
16,21,13,17,8,10,21,16
21,18,13,12,16,16,15,14
14,10,13,17,16,15,25,19
13,12,17,14,12,15,10,11
8,15,14,17,23,12,20,15
14,10,19,14,16,16,16,22
10,20,20,18,17,15,12,17
15,16,12,16,11,16,5,15
13,9,13,13,15,15,15,10
16,15,21,11,10,12,12,9
12,9,11,15,13,3,14,8
15,15,7,11,8,16,12,11
7,13,7,11,15,13,7,10
9,13,10,10,12,6,11,13
9,6,11,13,6,12,8,9
20,8,8,9,10,10,9,8
8,7,9,13,9,9,12,10
10,12,9,11,12,13,10,8
9,3,8,8,14,8,13,8
9,10,9,14,10,8,17,13
11,5,11,11,11,12,15,10
7,6,11,17,9,9,9,12
12,7,13,8,9,9,17,14
10,15,15,9,10,10,11,11
11,7,10,8,8,6,9,9
11,14,8,7,7,9,7,14
6,10,3,6,10,9,15,12
4,9,11,11,8,10,9,7
10,8,7,7,10,11,6,6
10,7,5,6,12,7,11,7
11,12,5,6,10,12,11,12
7,12,6,4,5,9,5,9
8,8,11,13,10,12,7,9
7,8,9,12,11,10,9,6
12,7,9,14,6,6,13,7
6,15,5,7,7,7,10,8
5,9,9,10,9,13,7,8
9,10,14,8,9,13,8,8
13,6,8,15,12,8,10,12
7,13,15,7,8,7,9,8
10,8,12,10,13,10,12,6
13,13,6,11,13,13,9,13
12,17,13,11,13,14,16,14
9,8,11,10,10,14,11,14
12,10,20,7,8,11,6,13
6,10,7,11,15,8,14,12
16,9,18,19,14,10,22,20
13,12,18,18,17,8,19,14
20,16,16,18,9,18,15,21
34,16,16,17,22,21,18,18
26,16,21,25,19,18,15,17
29,18,18,25,31,25,26,27
30,21,19,26,29,24,28,25
35,24,34,31,37,16,22,27
30,40,29,40,26,32,26,28
42,27,44,38,44,35,34,35
33,32,39,32,33,44,39,38
38,47,42,52,44,48,44,40
37,49,46,43,42,33,40,39
58,45,37,49,54,53,52,51
51,41,62,45,49,43,49,30
49,43,43,46,38,46,47,50
54,45,55,41,49,49,35,60
49,58,47,44,64,50,57,59
49,58,47,47,36,47,50,54
54,62,36,46,55,53,43,52
54,38,52,41,54,39,41,41
42,36,47,47,41,54,43,43
45,54,48,40,35,47,45,34
43,39,35,30,37,45,34,29
32,33,44,30,36,45,30,30
35,36,43,27,32,33,27,45
40,41,24,42,33,30,33,28
33,24,27,34,42,36,26,30
24,31,25,35,27,32,31,34
34,41,25,20,27,23,29,24
31,30,27,39,32,26,27,32
33,30,35,32,28,24,31,25
22,31,29,27,30,30,26,19
24,36,26,23,50,30,22,29
33,19,30,31,35,30,23,31
17,24,33,27,38,25,28,27
22,20,26,33,33,24,34,30
37,34,36,28,37,20,23,34
28,30,29,33,45,28,29,33
31,32,33,26,24,27,28,30
21,20,24,27,31,25,26,29
32,25,18,28,26,24,25,21
29,29,24,23,26,19,19,13
26,30,21,27,22,30,23,27
26,24,18,19,29,21,23,15
21,16,24,13,9,12,17,24
25,14,17,16,12,8,12,21
16,12,20,9,9,5,15,9
14,15,11,6,7,9,11,10
12,9,14,14,12,7,12,9
9,8,8,5,10,7,4,19
5,2,8,8,11,9,11,10
3,2,5,9,10,4,5,4
8,5,6,6,10,6,9,4
9,5,7,5,7,7,6,5
6,6,3,9,6,7,6,3
5,3,3,3,4,9,7,5
8,8,6,9,3,1,5,4
0,4,3,3,3,7,5,6
8,6,5,6,2,3,2,2
7,2,4,2,7,3,6,4
4,3,4,3,4,2,3,4
1,5,1,1,4,1,1,7
5,2,3,2,4,2,5,2
6,2,6,2,5,3,4,2
3,4,3,4,1,4,0,5
4,2,1,3,1,1,2,3
3,3,4,6,3,2,2,4
4,2,4,7,7,2,9,4
4,1,3,2,2,1,2,5
1,3,2,1,2,1,5,3
4,3,4,2,0,2,5,0
