SpectrumName : Messung_20Grad_LLDhoch.SPC
XUnit        : 
YUnit        : 
Length       : 2048
SubSpcNum    : 1
StartSubSpc  : 0
StopSubSpc   : 0
Comment      : 
Realtime     : 300.842
Livetime     : 300.000
Deadtime     : 0.842
Starttime    : 16.03.2016 13:56:13
Stoptime     : 16.03.2016 14:01:13
CalibCoeff   : a=0.000000000E+000 b=0.000000000E+000 c=0.000000000E+000 d=0.000000000E+000
SpectrumText : 0 
0,0,0,0,0,0,0,0
0,0,0,0,0,0,0,0
0,15,16,12,11,14,13,14
11,17,8,16,10,13,7,9
14,13,6,11,9,6,14,19
22,20,19,9,9,12,14,20
16,25,15,15,12,20,12,17
16,11,13,10,13,15,18,11
13,11,15,13,15,18,19,14
12,23,17,17,26,17,21,13
25,15,13,16,13,19,15,21
17,16,22,14,21,25,17,15
16,18,14,26,17,11,18,17
21,14,21,13,25,17,19,22
11,20,17,24,15,11,22,28
15,19,16,17,17,23,23,11
16,16,19,15,25,19,21,17
22,21,24,23,20,27,26,25
20,21,29,29,22,22,36,23
35,17,27,31,25,24,29,36
35,28,26,23,23,34,25,29
27,27,25,37,33,30,24,34
35,15,30,25,17,31,34,28
35,28,31,37,41,35,33,35
33,38,24,39,23,36,40,35
34,45,42,38,40,42,42,50
37,39,33,43,48,35,28,45
47,40,34,30,28,35,38,31
44,45,42,48,45,46,42,49
41,46,61,49,44,44,53,52
46,47,53,51,55,54,52,63
50,73,71,67,59,72,82,76
84,72,73,84,93,70,82,77
96,86,94,83,94,83,78,91
74,66,77,72,65,69,74,64
63,60,56,73,58,63,44,59
62,59,62,62,67,62,65,59
58,50,64,49,74,63,62,60
70,60,58,69,67,51,56,48
71,51,67,45,67,50,40,57
48,52,37,68,55,42,37,60
58,58,53,57,42,50,60,35
51,46,45,59,48,42,41,50
43,31,46,43,57,54,46,54
43,54,48,63,57,40,59,64
41,57,49,53,55,41,55,46
48,63,51,44,51,53,40,52
48,53,47,51,56,48,52,50
51,43,61,43,43,43,48,62
50,49,52,49,66,56,55,46
44,46,46,61,52,38,48,41
47,50,47,51,43,57,54,44
46,51,34,36,60,59,44,39
50,51,59,52,43,46,43,47
42,53,43,35,46,41,49,49
46,46,40,44,49,51,33,48
45,41,38,43,47,33,43,48
53,35,34,48,35,58,44,41
51,50,40,38,39,41,46,38
48,63,48,39,34,40,47,52
39,62,46,37,44,49,42,52
45,46,43,46,52,60,31,46
35,46,40,48,55,39,46,40
44,61,54,57,46,41,42,45
49,49,41,51,45,43,47,49
37,40,38,39,45,42,51,34
50,45,37,42,25,36,40,56
50,46,52,33,32,32,49,52
52,48,51,55,42,38,46,45
53,44,57,49,44,41,41,56
52,62,49,57,59,42,49,42
50,43,49,48,68,57,62,57
55,54,54,57,57,69,47,60
66,77,50,73,63,48,58,71
65,53,55,75,58,68,61,67
62,67,83,77,82,61,65,104
78,73,91,81,78,91,84,75
69,78,75,77,100,77,55,75
78,70,70,90,83,75,89,54
74,68,65,84,71,55,75,57
68,69,68,57,72,54,51,47
60,55,48,52,39,68,68,45
43,43,46,53,31,53,58,47
41,34,44,33,38,35,39,38
38,33,44,51,35,37,35,30
41,33,37,40,37,39,50,38
30,34,34,44,31,31,34,31
31,36,30,23,29,34,28,25
27,25,24,23,25,36,38,35
19,29,27,26,28,25,23,27
30,24,35,28,20,31,40,28
29,35,37,22,26,28,33,30
18,24,24,20,35,29,31,27
26,23,25,27,26,33,25,35
17,25,25,21,22,18,23,24
22,32,27,24,26,23,21,24
30,22,25,20,27,22,25,33
23,20,22,29,19,18,23,20
27,22,23,23,30,24,24,14
23,21,33,23,18,22,19,24
31,21,36,12,22,26,18,14
22,22,18,21,16,15,35,24
23,26,31,27,14,20,26,22
19,23,17,20,16,18,18,24
18,16,20,25,15,17,18,24
15,20,24,18,18,19,20,10
18,26,22,28,20,20,20,21
26,18,17,22,16,21,15,18
18,20,15,27,24,24,15,15
17,19,19,18,25,21,19,22
15,19,20,25,27,15,23,13
23,20,23,5,21,17,16,18
15,14,19,17,18,30,15,17
17,13,14,13,27,26,11,20
23,23,18,21,19,21,14,19
24,19,17,24,16,13,30,11
13,28,19,17,14,13,18,25
18,20,12,9,12,17,16,21
20,20,14,16,11,21,29,15
16,17,16,20,16,16,12,22
12,21,9,27,14,22,24,13
16,21,19,21,23,23,21,11
20,19,16,17,12,13,16,16
17,15,22,15,14,17,18,17
16,15,15,14,10,18,13,19
14,19,17,16,16,20,20,17
19,13,18,18,18,11,12,15
13,14,14,17,4,10,16,13
17,7,16,18,19,14,16,13
19,19,17,11,12,14,20,16
18,17,19,17,17,11,21,17
16,19,27,25,13,13,20,14
14,17,22,18,13,17,17,18
18,19,11,12,21,10,18,9
11,14,17,15,15,15,17,7
17,21,20,7,20,19,18,18
14,19,24,21,20,13,16,12
13,14,13,15,11,12,12,16
12,20,10,9,14,11,13,14
18,13,11,14,14,18,18,17
23,18,14,20,14,14,12,17
9,17,17,20,24,15,21,13
14,14,11,10,13,12,18,11
18,16,15,16,24,17,14,20
14,21,16,14,12,18,21,13
19,14,17,14,15,12,21,15
14,21,8,17,19,16,11,12
15,11,17,6,4,16,12,18
23,18,16,13,9,15,15,11
13,17,15,17,17,14,9,16
11,13,14,15,10,24,14,16
13,19,14,14,19,17,13,16
20,20,19,8,13,18,14,14
14,12,15,18,10,13,12,18
18,16,17,18,12,22,15,10
11,14,15,14,8,16,11,12
15,13,12,15,18,17,17,16
8,17,6,7,20,13,20,11
14,7,18,8,11,14,11,21
17,15,11,14,13,11,17,9
18,14,12,12,22,17,14,12
12,9,20,15,11,16,14,14
10,17,11,13,15,8,13,8
20,9,18,16,11,16,13,19
12,19,19,9,13,14,11,10
13,15,10,21,16,11,18,15
14,8,12,26,14,13,14,14
14,19,10,13,14,12,7,14
17,19,4,13,14,6,16,11
16,10,7,16,17,14,14,10
12,11,13,10,12,15,10,16
10,10,14,10,14,12,9,13
10,9,17,9,12,22,13,19
9,9,18,14,11,17,12,10
16,19,16,11,8,11,12,9
17,14,11,12,11,12,8,7
10,22,16,11,9,10,9,13
10,12,3,11,9,8,7,6
14,7,10,12,17,11,9,15
7,4,11,11,10,7,15,10
11,13,12,4,5,9,11,8
13,13,9,10,12,11,9,9
5,9,10,12,10,7,13,5
7,6,14,6,15,9,7,8
13,8,9,10,10,8,7,7
7,12,10,4,9,6,9,5
6,13,9,6,9,14,15,5
9,8,10,4,5,10,7,10
11,9,10,8,12,10,11,14
10,6,4,12,12,12,7,7
7,6,9,6,8,7,5,9
8,6,7,5,10,13,10,4
17,10,7,9,12,14,9,2
9,1,8,4,8,9,7,12
10,7,10,5,3,11,12,4
9,9,4,4,9,11,10,5
6,10,12,9,8,5,5,6
10,10,9,10,8,10,4,4
4,7,6,13,5,10,10,2
7,5,8,12,8,8,4,11
5,7,9,9,5,7,9,12
2,11,10,6,6,13,5,9
10,9,8,10,11,6,9,6
6,7,8,7,7,5,8,2
13,8,7,4,7,5,11,8
8,11,8,7,10,8,9,12
5,6,4,6,4,10,6,15
6,8,6,10,7,9,8,6
11,8,8,9,6,9,6,5
11,7,10,8,12,7,8,10
9,12,4,7,9,9,4,4
3,11,11,6,4,8,12,8
6,6,9,5,11,10,15,11
8,10,5,9,7,10,5,7
4,13,9,7,10,11,13,7
11,11,11,6,8,10,11,11
7,6,8,11,8,9,9,6
11,9,11,5,6,5,11,6
5,10,5,12,8,8,10,10
8,7,13,3,9,9,10,9
10,9,6,9,16,11,9,8
7,9,13,13,11,15,12,14
15,6,14,13,11,17,10,17
11,17,7,11,17,15,20,12
11,17,15,13,13,22,18,24
22,20,21,29,23,19,25,19
20,30,21,21,14,21,18,30
31,28,31,28,27,37,28,42
45,37,36,39,32,42,51,44
47,50,52,46,57,57,50,70
54,47,55,64,68,72,54,60
71,81,59,89,90,91,89,80
68,85,93,95,85,103,105,95
90,114,84,95,95,109,92,123
126,125,107,108,131,111,100,113
103,118,131,93,104,110,95,103
112,90,97,95,100,98,103,98
88,101,91,93,98,91,83,92
70,71,88,72,67,77,69,71
63,57,56,56,57,43,54,43
35,47,42,41,40,30,36,43
33,29,23,30,35,33,22,26
30,18,22,15,20,21,6,18
8,16,16,8,11,5,10,3
9,9,9,11,9,6,4,8
6,5,3,5,4,4,7,7
5,5,2,7,8,4,7,3
3,2,2,4,2,2,2,7
2,4,6,4,3,3,2,0
4,1,5,3,3,5,4,3
3,6,5,3,1,2,3,4
2,4,4,0,4,3,4,5
1,3,2,6,1,2,1,2
4,1,6,3,1,4,3,6
3,3,4,3,2,6,5,1
2,1,4,1,3,2,6,0
