SpectrumName : Messung_70Grad_LLDhoch.SPC
XUnit        : 
YUnit        : 
Length       : 2048
SubSpcNum    : 1
StartSubSpc  : 0
StopSubSpc   : 0
Comment      : 
Realtime     : 300.444
Livetime     : 300.000
Deadtime     : 0.444
Starttime    : 16.03.2016 13:27:47
Stoptime     : 16.03.2016 13:32:47
CalibCoeff   : a=0.000000000E+000 b=0.000000000E+000 c=0.000000000E+000 d=0.000000000E+000
SpectrumText : 0 
0,0,0,0,0,0,0,0
0,0,0,0,0,0,0,0
0,9,9,8,7,10,3,2
8,10,6,10,5,9,6,4
13,2,5,9,10,8,8,11
7,5,10,10,5,11,12,9
4,4,9,14,10,8,5,7
8,7,11,7,15,14,10,5
10,7,7,10,12,8,15,11
10,11,4,8,12,12,8,11
10,7,11,15,15,15,11,10
13,6,6,12,14,10,10,7
11,14,13,8,13,14,13,10
11,12,11,12,12,9,18,17
13,10,17,14,8,19,25,14
18,20,9,9,7,12,15,14
10,12,13,14,13,11,19,17
17,20,16,9,8,17,13,15
17,16,10,18,17,14,15,18
22,16,16,19,19,30,26,16
16,28,26,22,26,23,20,18
18,21,19,21,25,14,21,28
25,26,24,25,20,27,18,24
23,24,19,21,22,24,22,28
21,39,28,29,35,27,29,21
23,26,34,18,27,42,26,28
32,30,31,35,36,29,39,33
26,41,37,36,25,33,36,49
35,32,43,36,39,35,41,36
45,34,24,44,38,40,41,47
36,54,36,38,50,59,56,61
50,49,46,54,56,53,57,45
58,60,60,64,63,74,66,62
54,65,59,56,77,51,64,56
47,47,50,56,44,44,50,42
47,52,52,43,47,43,41,53
45,54,41,43,41,57,60,49
57,47,56,61,53,34,53,46
44,48,52,56,45,44,45,44
50,48,34,39,42,39,34,44
47,42,45,47,36,45,47,40
44,45,40,35,32,41,44,35
38,42,36,36,35,44,48,50
37,51,46,47,44,41,41,35
40,40,41,43,39,32,45,39
38,45,45,48,35,46,54,43
34,54,42,35,46,36,57,40
33,42,43,45,37,31,40,44
49,56,36,45,35,41,47,42
42,49,45,38,43,51,42,35
44,42,35,46,38,40,37,33
41,48,43,45,45,43,46,42
36,44,39,46,41,44,37,41
32,41,45,35,38,49,45,39
36,29,38,44,45,31,37,25
41,39,47,38,38,37,34,42
30,34,45,42,45,40,40,27
36,37,28,27,45,31,41,44
41,37,30,39,38,32,40,31
44,30,32,42,37,33,36,27
29,28,37,36,36,39,35,31
40,36,40,32,36,33,40,38
37,34,38,39,30,35,30,44
32,36,35,35,32,23,34,37
28,41,25,35,38,32,23,31
38,36,41,31,38,28,43,23
28,42,29,28,31,28,42,42
34,35,24,31,36,32,42,34
34,39,39,27,27,33,31,31
23,35,28,36,36,32,35,29
40,29,27,40,40,26,31,27
30,42,40,30,36,45,36,44
32,38,36,28,42,38,31,33
42,40,43,44,27,43,34,39
33,39,40,37,39,43,35,46
41,50,36,37,45,46,49,43
39,41,37,52,55,44,44,60
39,47,44,54,44,49,48,53
45,44,39,43,51,46,51,50
57,48,50,37,42,51,46,54
44,33,45,42,40,46,30,38
39,41,38,34,22,39,45,29
26,20,38,28,36,23,28,21
34,23,30,35,37,21,27,29
17,23,32,32,17,19,23,27
24,18,27,18,22,17,12,16
31,19,17,26,20,27,18,33
31,22,19,27,23,9,15,17
17,27,21,23,23,20,17,23
23,22,19,15,20,29,20,18
12,16,26,23,16,24,17,24
18,13,27,18,10,12,17,16
13,22,17,18,20,17,19,14
10,14,13,22,20,16,18,24
17,15,9,11,11,15,18,11
15,22,14,21,16,14,25,25
18,23,23,20,25,14,15,13
15,19,16,14,21,22,16,17
16,15,24,14,23,18,20,20
19,17,18,22,16,14,14,14
16,16,16,11,18,8,19,12
19,19,12,19,12,17,15,13
17,16,11,15,11,13,10,21
12,13,14,6,14,10,13,15
13,12,5,8,8,15,7,8
8,9,12,15,10,11,12,13
13,11,7,11,11,12,15,10
9,13,16,21,5,9,8,8
9,16,5,10,18,9,7,17
7,8,17,13,18,5,13,8
7,15,13,8,12,10,11,10
11,5,10,6,12,11,14,9
13,7,6,6,7,16,11,13
10,17,9,9,15,9,12,12
10,7,7,10,4,11,11,9
10,13,10,9,11,6,6,11
11,16,14,11,6,12,12,7
5,17,13,6,14,7,9,8
9,12,5,4,5,12,8,10
11,10,7,10,4,7,12,3
9,12,9,9,9,9,5,12
8,10,7,10,9,9,8,6
6,8,9,11,13,5,10,8
8,4,6,13,9,4,8,11
13,11,9,11,5,7,13,16
9,4,7,12,5,14,11,9
11,4,9,6,8,15,7,7
9,3,8,12,7,9,8,7
14,6,8,5,9,4,11,7
9,4,5,13,13,5,6,7
5,14,9,5,8,3,6,4
5,6,11,9,6,7,7,11
10,7,7,7,9,9,8,6
3,2,5,7,12,8,2,9
6,8,5,7,9,7,6,3
8,5,4,3,8,9,8,9
5,8,4,4,10,8,8,9
7,7,5,9,9,12,8,11
5,4,6,7,10,11,7,8
5,7,7,2,10,7,7,3
9,4,12,11,9,4,8,5
7,5,6,10,6,8,11,10
7,5,6,10,16,11,11,2
8,3,5,7,10,7,8,9
10,6,5,8,8,4,4,6
2,2,5,6,7,7,8,5
5,11,5,5,7,4,7,6
3,3,6,7,5,7,9,9
3,6,5,7,5,4,3,8
3,7,3,8,4,5,7,3
8,6,5,5,8,2,5,4
3,6,4,8,7,3,6,8
4,5,5,7,7,6,6,6
3,4,8,4,3,5,2,4
8,5,6,10,8,6,9,4
8,3,7,7,5,7,4,9
7,4,4,8,4,4,7,8
2,5,7,4,9,5,6,9
7,8,6,2,5,6,8,5
9,8,8,8,6,5,3,6
9,5,7,4,4,10,7,3
3,5,10,10,8,13,10,4
5,10,10,7,7,8,2,7
9,12,7,7,9,8,7,7
11,7,8,6,6,3,8,5
8,11,4,5,8,6,2,7
8,11,4,10,10,6,6,10
10,12,6,6,4,8,8,7
16,10,4,7,4,10,4,8
8,10,7,7,9,8,7,10
13,13,8,7,8,13,10,7
8,13,12,11,8,11,10,11
7,11,14,8,8,11,13,10
11,11,11,8,9,8,8,7
14,12,10,4,13,10,12,7
13,7,13,8,8,13,6,3
10,13,9,11,5,11,12,6
11,7,5,9,7,7,5,6
16,9,6,12,8,6,8,13
12,10,9,12,5,9,11,10
6,9,10,6,16,9,18,7
9,10,10,10,8,10,6,4
12,8,7,9,8,7,8,4
5,7,11,11,16,8,7,15
12,9,13,5,9,7,9,13
3,11,5,7,8,7,12,8
9,3,8,13,7,7,3,4
6,8,7,9,5,4,4,3
12,9,11,11,7,6,5,5
6,9,8,7,6,4,7,7
4,10,2,12,5,2,3,6
8,5,3,5,7,3,6,6
6,2,4,8,5,3,4,5
7,9,5,14,8,3,6,5
8,4,3,6,1,3,3,4
5,5,3,5,3,3,5,2
4,7,4,8,6,2,6,6
4,1,2,3,2,6,8,8
4,1,4,5,3,4,3,2
1,4,6,3,8,2,4,3
7,7,1,3,3,4,4,4
1,4,1,5,6,10,7,4
5,6,4,3,7,3,2,7
7,5,1,2,1,3,2,7
1,6,5,3,4,8,6,3
4,4,5,5,3,4,3,5
7,6,4,1,2,3,2,4
3,2,4,0,4,4,4,4
5,1,4,2,4,1,9,4
6,3,4,7,4,1,2,6
3,4,3,4,6,4,4,1
5,6,3,1,4,3,2,5
5,3,2,4,1,8,1,2
2,5,5,4,3,4,1,4
6,1,2,2,4,1,4,2
2,0,3,3,2,3,6,2
3,1,5,4,4,6,2,4
2,2,6,4,6,6,5,2
3,1,5,6,5,2,4,3
4,3,3,4,4,5,3,4
4,5,1,3,6,2,1,3
4,2,7,3,3,1,3,3
4,4,4,2,4,8,1,2
4,4,6,6,4,9,3,4
3,1,6,6,3,2,5,8
4,2,5,3,8,3,5,8
3,1,6,2,6,6,6,3
12,4,5,7,3,3,6,3
2,5,5,5,4,3,7,4
3,4,1,6,6,4,9,10
3,7,4,7,2,7,5,7
3,8,5,2,5,10,4,4
7,5,7,5,4,9,4,9
5,3,5,3,2,2,5,3
2,5,7,6,5,8,4,3
8,2,6,4,6,4,5,2
3,6,4,5,6,9,6,9
5,6,3,5,6,4,5,4
3,3,4,4,5,6,5,6
2,7,2,3,9,2,2,8
5,3,3,5,9,2,3,6
2,4,6,3,9,3,5,3
2,2,5,7,4,4,7,5
0,6,2,4,3,3,4,1
4,4,3,1,7,7,3,4
4,1,6,1,6,2,5,3
5,5,5,2,2,5,3,6
2,1,2,1,6,5,3,3
2,7,4,6,5,5,1,2
5,3,9,3,1,6,6,3
4,4,8,2,2,6,1,2
1,5,4,3,5,3,4,6
5,3,5,4,3,3,2,3
2,3,2,6,2,5,3,0
5,6,2,3,3,2,3,3
3,3,3,4,4,3,2,0
