SpectrumName : Messung_80Grad_LLDhoch.SPC
XUnit        : 
YUnit        : 
Length       : 2048
SubSpcNum    : 1
StartSubSpc  : 0
StopSubSpc   : 0
Comment      : 
Realtime     : 300.420
Livetime     : 300.000
Deadtime     : 0.420
Starttime    : 16.03.2016 13:21:55
Stoptime     : 16.03.2016 13:26:56
CalibCoeff   : a=0.000000000E+000 b=0.000000000E+000 c=0.000000000E+000 d=0.000000000E+000
SpectrumText : 0 
0,0,0,0,0,0,0,0
0,0,0,0,0,0,0,0
0,7,4,7,3,4,5,8
11,8,3,16,3,5,6,4
5,6,4,7,10,10,4,4
8,8,7,9,8,7,7,7
13,10,13,9,16,5,9,10
10,11,7,11,16,15,5,10
7,5,7,11,12,10,8,8
7,10,9,9,7,7,8,7
12,11,5,8,12,6,13,13
6,5,10,8,8,8,6,10
18,7,18,6,12,10,8,13
15,8,12,15,14,13,14,4
11,14,6,25,16,12,13,8
14,12,11,12,10,10,6,4
14,13,14,16,12,8,11,10
10,8,22,19,22,16,17,9
12,13,17,15,15,18,23,16
21,19,15,19,21,18,17,15
25,14,24,23,22,17,21,13
17,34,24,23,28,19,28,21
23,20,17,13,22,22,27,28
27,29,25,24,24,23,31,26
27,26,22,26,37,29,32,24
34,29,26,33,26,42,31,33
31,31,30,31,34,25,33,27
34,31,32,24,35,36,34,35
30,33,44,39,31,54,32,37
49,44,35,47,45,41,43,40
30,54,58,50,49,56,48,48
53,61,48,50,50,67,68,47
70,65,67,59,57,65,66,62
71,62,63,68,63,58,69,55
56,40,50,37,42,42,54,49
57,53,48,39,56,45,51,52
41,48,45,48,48,48,56,48
52,54,49,44,50,42,55,52
49,41,47,45,44,41,42,52
46,54,40,44,51,42,43,44
51,23,39,35,40,60,37,37
44,41,36,34,37,37,39,36
38,42,37,41,38,47,55,29
41,35,36,43,36,56,42,41
42,38,43,37,39,43,38,49
37,34,49,38,38,43,36,42
38,49,45,45,44,44,49,45
38,49,30,34,35,45,33,40
34,42,50,37,37,28,43,47
42,42,35,38,39,42,43,30
34,41,39,38,37,40,50,30
45,50,41,43,43,46,37,38
42,34,39,41,40,30,38,42
31,37,35,44,38,41,56,47
42,29,37,38,42,34,37,34
36,33,34,43,48,37,55,36
26,29,42,40,40,43,39,27
39,33,35,34,34,46,26,34
34,40,24,35,34,30,50,37
31,28,35,28,40,36,32,28
35,26,30,27,38,22,33,31
34,40,29,39,36,27,36,42
37,38,44,33,37,37,25,38
34,29,34,32,31,36,26,30
36,41,37,35,33,25,31,32
28,28,40,38,27,35,35,31
38,38,30,36,29,24,37,37
41,34,32,32,25,27,33,32
28,24,23,36,24,36,38,29
33,39,33,33,37,39,45,33
29,42,31,34,35,34,34,29
32,36,36,35,32,38,31,44
40,29,45,42,33,33,31,40
37,35,46,38,50,36,39,40
45,43,55,52,39,43,36,48
45,37,38,43,40,48,41,45
47,34,39,55,44,52,40,46
51,40,45,58,39,44,48,40
40,36,46,44,37,43,36,43
46,48,39,34,50,30,41,44
39,36,38,44,34,32,38,33
33,23,37,22,26,38,36,32
32,27,25,32,30,27,34,28
29,26,33,20,23,28,32,26
32,30,18,21,33,28,25,16
26,28,25,25,21,18,19,27
19,18,22,29,24,14,22,19
25,13,19,10,18,16,20,16
13,25,24,29,17,11,19,13
15,16,15,16,19,16,20,21
13,15,24,16,14,25,12,18
20,19,22,23,22,15,19,16
23,10,16,16,17,17,12,14
14,20,18,15,18,20,14,14
15,14,18,21,13,15,19,12
21,25,19,16,15,20,18,20
21,14,10,22,14,20,20,21
12,13,11,11,21,16,8,12
16,12,19,20,9,14,19,15
10,17,17,12,11,14,7,12
17,19,13,18,10,8,10,15
18,15,13,14,11,11,17,16
14,8,13,14,14,13,8,15
8,13,15,8,6,11,14,18
9,7,13,9,16,11,11,13
15,16,9,16,9,8,9,11
8,11,13,16,8,11,8,18
13,14,15,4,5,16,10,16
9,8,6,9,6,12,16,6
7,10,9,13,5,10,6,14
7,6,8,4,9,8,4,6
13,12,14,12,11,11,9,9
6,11,15,7,10,6,10,15
13,12,12,7,8,11,7,8
10,14,9,9,15,8,6,5
6,10,8,11,7,10,8,9
7,3,7,6,11,8,9,16
7,4,10,7,10,4,4,8
6,11,11,13,7,6,13,10
7,15,9,5,8,13,6,4
9,7,6,14,13,6,13,5
6,10,7,5,10,4,5,8
10,6,13,10,9,12,8,4
9,14,8,6,8,8,8,11
8,9,6,13,5,8,6,5
1,9,10,7,8,5,5,9
4,6,10,6,9,13,9,6
6,3,9,4,9,6,7,6
11,6,10,9,5,11,13,7
5,7,8,6,4,4,14,8
8,9,8,12,9,9,6,5
4,11,1,2,6,9,8,6
4,5,6,7,8,4,16,9
9,8,8,4,11,10,7,6
9,14,8,7,4,3,13,12
9,6,6,4,6,9,6,4
2,11,7,13,8,9,5,8
9,6,7,8,3,9,9,8
7,5,11,4,6,8,10,8
10,6,5,5,10,8,18,7
9,8,11,9,13,12,11,5
5,6,8,4,7,9,7,8
3,7,5,7,7,6,8,5
8,5,6,10,10,3,12,11
5,8,8,3,5,9,8,7
6,8,7,8,5,12,3,8
11,3,4,1,5,4,3,9
4,4,5,6,4,3,3,4
5,13,8,8,7,9,8,8
3,7,4,6,8,8,8,9
5,8,9,9,5,6,12,7
4,10,5,8,7,4,6,7
7,4,6,7,9,7,8,7
7,6,5,10,7,5,5,9
9,6,7,17,7,3,13,3
6,3,11,8,4,14,12,10
5,7,5,6,4,7,7,3
9,6,6,8,8,6,5,9
8,11,10,9,8,5,4,7
11,4,11,4,11,11,9,9
13,12,10,8,3,7,11,6
10,11,8,7,11,5,11,9
8,4,15,13,7,15,8,7
12,4,11,9,10,11,10,8
8,6,8,10,10,11,12,10
13,6,5,7,14,7,5,6
6,7,5,4,6,7,6,9
5,5,12,10,9,12,11,6
6,9,13,10,13,8,5,3
9,9,7,2,9,7,6,5
5,7,4,8,6,8,5,6
8,4,6,3,4,7,5,5
7,7,7,8,6,4,7,5
8,4,8,7,6,6,6,5
6,8,2,5,7,7,5,7
6,6,5,8,5,3,4,10
6,4,4,3,6,4,0,4
11,6,4,4,4,5,9,2
3,6,4,3,4,1,5,3
5,2,6,4,11,8,1,7
8,4,4,6,7,5,9,2
3,3,2,4,4,3,7,8
4,2,9,2,0,4,2,4
3,6,5,5,5,2,4,6
4,7,15,3,6,7,2,6
5,4,2,4,0,7,5,3
3,3,1,3,6,3,4,3
6,3,2,6,6,3,5,7
6,3,4,5,6,2,3,3
5,2,4,7,2,4,2,1
6,5,3,1,5,4,4,3
4,2,6,3,4,5,5,2
3,2,3,4,3,5,2,1
3,5,4,5,2,3,7,4
5,3,4,2,3,2,0,4
5,3,4,3,8,4,2,5
3,9,4,4,6,5,5,1
3,4,6,2,4,2,6,0
3,1,5,3,1,0,1,4
2,4,3,3,4,1,2,1
4,4,4,1,3,2,5,2
4,4,3,0,1,4,4,5
0,3,2,3,3,10,5,3
4,2,2,6,5,4,1,2
3,3,1,3,3,1,6,5
0,5,6,1,0,4,1,0
3,3,2,5,5,4,4,0
4,0,2,6,5,1,3,4
3,3,0,3,1,3,2,2
3,1,1,2,1,7,3,2
1,1,2,5,5,2,1,4
1,1,5,1,3,1,2,2
4,2,3,1,5,2,4,0
2,4,5,3,3,2,3,3
0,7,0,3,2,1,0,1
4,1,0,1,6,1,5,1
3,2,3,2,1,1,2,5
1,1,0,2,5,2,1,4
2,2,4,1,2,3,3,2
6,1,1,4,2,0,2,0
2,2,3,2,1,5,2,3
2,2,5,4,3,2,4,4
3,3,7,4,2,3,1,2
2,4,3,3,2,4,5,2
3,4,4,1,4,3,4,7
7,8,4,4,7,5,5,7
2,7,3,3,1,3,2,4
4,4,5,5,3,4,3,3
8,5,6,5,3,8,14,3
5,7,11,0,12,1,7,4
3,4,8,4,4,2,5,3
6,2,1,2,3,8,1,4
6,5,6,7,5,1,5,1
3,7,3,5,4,5,5,1
3,4,5,3,6,5,5,4
6,5,2,1,5,3,6,3
7,3,2,7,2,2,4,6
4,2,3,7,4,2,3,2
5,1,2,1,4,3,6,3
4,2,1,1,6,2,9,6
2,5,7,2,2,5,3,1
3,3,6,4,7,3,1,0
3,3,2,3,3,4,1,1
5,0,8,4,4,1,0,2
4,4,1,2,1,0,4,7
2,4,1,2,6,4,0,7
3,2,7,3,1,5,0,3
0,6,4,5,4,5,0,4
2,1,7,6,4,4,3,1
8,3,3,3,2,3,4,4
2,2,6,5,4,1,2,5
3,5,5,1,3,1,5,1
3,7,0,1,4,4,1,2
2,1,2,5,3,3,4,8
3,3,3,1,1,3,3,1
2,4,4,5,3,4,0,0
