SpectrumName : Messung_40Grad_LLDhoch.SPC
XUnit        : 
YUnit        : 
Length       : 2048
SubSpcNum    : 1
StartSubSpc  : 0
StopSubSpc   : 0
Comment      : 
Realtime     : 300.582
Livetime     : 300.000
Deadtime     : 0.582
Starttime    : 16.03.2016 13:44:29
Stoptime     : 16.03.2016 13:49:29
CalibCoeff   : a=0.000000000E+000 b=0.000000000E+000 c=0.000000000E+000 d=0.000000000E+000
SpectrumText : 0 
0,0,0,0,0,0,0,0
0,0,0,0,0,0,0,0
0,9,10,8,7,8,11,7
9,12,9,5,9,11,14,8
8,14,8,5,14,12,11,7
11,15,12,8,9,15,8,23
8,11,9,16,10,7,11,10
14,14,9,9,12,6,8,7
8,10,13,9,8,8,8,15
13,13,13,14,12,10,12,11
14,17,12,14,12,11,19,10
14,11,10,16,13,15,17,22
17,17,6,14,17,13,14,4
19,22,13,15,9,14,14,12
17,14,11,23,11,19,19,14
23,14,13,22,13,19,17,17
9,12,10,16,24,16,17,13
11,24,14,11,18,12,27,19
19,26,17,14,23,21,12,24
28,17,23,23,24,27,21,33
17,23,24,32,25,27,24,14
31,24,26,17,24,22,24,17
24,22,26,21,33,29,18,16
23,26,22,27,35,28,29,29
37,29,30,29,29,37,32,37
29,19,23,31,28,31,37,24
33,34,37,37,38,29,38,30
44,28,45,47,37,36,28,36
38,42,33,28,40,47,38,44
40,39,52,40,42,51,48,36
41,50,57,56,54,42,57,65
61,57,77,61,59,68,40,67
63,79,67,70,82,66,70,70
91,84,70,63,58,72,63,69
77,55,58,52,53,58,51,47
54,62,47,54,63,36,53,52
54,44,30,59,54,53,50,62
60,50,52,67,54,56,61,55
49,64,51,38,50,68,56,52
70,44,53,51,48,47,46,52
43,38,40,51,46,54,44,41
53,49,38,46,42,49,36,45
46,57,54,50,49,43,39,45
41,37,39,38,55,38,41,40
56,48,66,45,45,52,35,44
51,40,59,44,51,56,48,33
43,46,46,46,50,42,44,43
40,54,48,59,38,47,48,41
44,52,44,49,57,59,63,51
46,46,51,52,50,66,49,47
39,45,37,50,42,52,46,47
58,59,49,46,43,46,44,40
47,47,46,50,37,39,45,36
36,34,49,45,41,40,43,47
34,42,43,41,44,36,44,49
39,47,52,37,33,33,33,40
38,57,47,48,39,40,39,34
44,46,40,46,35,44,38,49
39,39,23,39,33,43,32,36
55,33,28,41,46,45,31,48
41,41,47,43,42,42,39,37
44,37,37,42,42,39,37,42
51,33,35,38,54,43,38,40
50,38,36,44,41,44,48,42
39,26,40,35,52,40,46,42
40,40,38,46,33,37,47,42
44,36,39,47,35,47,39,45
44,40,40,42,47,34,37,44
29,33,43,34,46,40,37,35
43,41,42,38,47,40,41,43
38,51,49,36,40,39,38,46
56,44,41,55,48,46,43,47
45,42,45,33,60,46,57,51
61,48,58,46,59,50,54,40
50,53,54,56,46,60,55,53
76,68,54,47,62,53,63,70
76,64,59,71,73,82,57,72
56,60,66,73,68,60,70,78
66,54,64,71,89,67,63,59
70,58,59,54,70,61,66,60
59,77,46,48,57,50,67,64
46,55,38,49,57,46,55,43
53,33,39,45,35,39,38,46
32,38,37,42,36,34,43,36
30,36,38,31,25,24,33,32
32,38,32,31,23,33,37,25
27,25,37,31,23,25,22,30
30,22,28,22,21,28,19,27
22,27,26,24,18,28,25,22
22,22,24,19,23,22,18,9
20,32,26,28,13,24,14,22
20,18,23,26,27,27,12,28
21,24,17,23,27,19,16,14
30,21,19,20,18,21,33,12
14,22,10,17,18,18,19,28
18,16,29,16,18,26,23,21
20,27,20,19,16,18,22,18
17,15,25,16,20,15,37,12
19,21,18,20,14,24,17,14
26,18,22,12,20,26,18,17
17,18,16,23,19,23,14,22
17,20,16,17,19,15,15,12
20,15,18,13,17,19,16,19
15,21,12,19,15,18,18,16
14,19,18,21,15,18,7,15
19,19,14,22,11,12,17,21
14,12,18,15,16,13,15,14
18,18,11,13,15,11,11,14
12,13,15,17,14,20,16,11
15,13,13,14,15,19,18,12
21,8,16,10,15,14,14,16
11,15,9,10,15,13,12,13
8,15,18,13,17,10,9,19
5,12,11,17,18,11,12,13
10,7,15,14,14,9,17,12
14,13,14,14,18,15,9,16
21,14,9,16,7,16,17,10
12,8,8,16,9,18,12,10
15,19,13,14,12,16,12,14
11,15,14,8,14,23,7,17
10,12,10,13,18,11,16,10
16,16,21,10,7,10,9,8
7,12,14,12,18,16,16,16
10,11,13,5,9,11,6,10
14,8,16,9,12,11,12,8
11,12,7,8,7,5,11,10
13,8,15,14,14,10,15,6
12,14,10,9,12,14,6,9
13,16,16,11,8,6,17,6
11,10,10,8,8,7,7,8
10,8,8,7,12,12,14,12
11,13,11,11,12,7,14,15
11,9,18,8,10,7,16,6
15,15,6,8,6,17,10,11
9,8,7,10,12,11,12,12
11,11,7,8,15,13,9,9
8,4,11,8,13,10,11,11
9,7,11,8,5,6,4,10
9,12,5,12,7,4,11,13
11,10,8,7,8,10,7,11
13,11,10,7,7,10,12,11
10,12,15,6,6,14,11,6
11,4,11,7,9,8,9,17
6,9,14,11,6,7,4,6
15,10,11,12,6,5,6,8
4,8,10,7,5,15,10,11
7,11,9,8,11,6,9,11
9,8,9,3,13,9,18,4
7,12,14,9,8,7,12,7
10,5,6,8,14,7,13,9
10,6,9,11,11,6,8,8
6,6,13,2,8,11,6,11
9,11,10,6,6,7,5,12
8,5,8,6,6,6,8,10
3,6,9,14,12,6,3,8
12,2,9,8,4,7,6,9
7,9,2,10,5,5,8,5
5,5,5,15,7,6,4,7
8,7,5,7,9,3,11,5
9,4,3,3,10,6,4,7
7,6,5,3,8,4,8,7
5,7,8,9,6,5,3,4
3,9,5,4,8,6,3,9
7,6,4,9,6,12,7,6
7,10,3,4,5,6,7,8
8,6,4,4,5,4,9,7
2,10,7,6,9,8,7,10
8,9,4,9,5,8,6,11
3,5,15,8,6,7,4,5
6,3,8,3,4,12,3,5
5,9,1,10,6,8,8,6
6,12,3,5,3,5,4,8
4,6,6,6,9,6,5,5
2,3,3,10,2,6,5,6
7,10,5,4,5,5,7,8
4,8,4,7,6,6,6,7
9,5,9,7,9,3,7,4
6,5,1,8,5,6,10,10
6,6,4,3,5,5,5,6
8,5,8,5,6,5,7,8
8,6,8,6,5,4,7,3
7,8,5,2,4,4,5,3
6,8,8,5,2,6,8,10
4,6,6,13,6,2,8,5
4,5,10,4,6,4,4,4
11,6,7,11,7,9,4,7
6,11,3,2,2,1,2,3
4,7,7,4,6,6,8,5
4,9,4,3,5,4,4,8
4,5,2,9,2,7,6,4
8,3,7,3,2,4,7,10
6,3,5,4,4,8,6,4
8,7,3,8,5,4,3,10
8,4,8,3,8,9,5,5
7,5,2,3,10,5,3,8
5,7,6,5,6,6,4,3
6,8,9,7,3,8,3,7
7,2,6,5,2,8,3,3
8,6,2,8,5,8,5,13
4,7,6,4,8,7,6,4
6,7,5,4,6,9,5,5
2,8,6,5,9,7,9,4
8,8,13,7,11,8,7,7
8,12,6,10,7,8,6,5
7,6,14,7,7,7,10,5
6,5,3,7,9,9,9,5
12,8,10,10,5,6,14,9
8,10,14,8,14,8,7,13
11,15,9,8,8,14,10,16
11,10,9,13,14,7,8,11
12,10,13,10,9,14,12,13
15,13,10,15,16,11,15,16
14,18,17,15,10,20,13,13
19,14,17,16,18,14,14,20
12,19,13,13,18,21,22,17
10,26,12,17,20,26,18,26
26,20,23,16,21,18,28,20
18,23,16,24,28,24,27,25
26,25,28,31,25,23,25,31
22,28,23,27,28,28,21,33
25,30,32,34,19,22,24,26
31,16,28,22,27,25,27,38
24,35,33,34,25,23,27,15
26,34,32,39,32,20,25,25
23,33,19,36,27,28,29,26
28,32,15,24,25,30,22,25
27,26,28,24,25,25,25,22
16,22,26,15,18,31,8,20
19,19,19,23,24,18,20,18
17,19,17,16,16,21,22,23
17,16,11,12,9,7,17,12
19,16,17,7,11,7,16,13
13,14,14,10,10,9,11,9
6,12,8,10,6,12,10,7
15,8,13,7,5,8,5,7
10,7,7,6,6,9,11,5
8,6,5,10,4,4,5,8
7,8,3,5,7,7,11,5
10,5,6,8,6,7,6,8
10,6,9,4,5,6,0,14
8,10,9,7,4,8,5,11
7,2,6,9,2,5,2,6
2,4,6,3,2,4,5,11
4,5,7,3,6,4,4,0
5,11,5,7,4,3,4,3
3,3,2,1,3,4,3,3
9,3,4,4,2,4,4,1
4,2,3,2,3,6,0,3
7,2,4,2,5,3,3,3
3,2,4,3,4,2,5,3
3,3,6,5,2,5,5,3
4,4,7,3,2,1,1,8
6,2,2,4,3,5,2,2
3,2,3,4,4,3,4,6
1,1,4,5,2,3,3,3
3,2,3,4,3,5,3,0
