SpectrumName : Messung_1cmAlu_70Grad_LLDhoch.SPC
XUnit        : 
YUnit        : 
Length       : 2048
SubSpcNum    : 1
StartSubSpc  : 0
StopSubSpc   : 0
Comment      : 
Realtime     : 300.622
Livetime     : 300.000
Deadtime     : 0.622
Starttime    : 16.03.2016 13:00:20
Stoptime     : 16.03.2016 13:05:20
CalibCoeff   : a=0.000000000E+000 b=0.000000000E+000 c=0.000000000E+000 d=0.000000000E+000
SpectrumText : 0 
0,0,0,0,0,0,0,0
0,0,0,0,0,0,0,0
0,13,15,7,10,12,11,14
10,10,11,10,7,9,6,13
11,10,11,16,11,7,15,10
6,13,8,16,11,14,14,15
12,8,13,13,13,18,15,13
8,10,5,22,12,11,15,12
12,10,10,7,14,22,15,10
11,13,14,9,20,16,11,15
20,10,13,11,15,23,26,10
17,12,18,19,11,9,13,14
23,17,15,15,17,16,14,18
21,14,13,21,19,20,16,20
22,22,11,15,11,17,23,15
20,22,15,16,16,17,24,21
26,21,14,23,20,15,15,21
26,23,23,25,21,23,15,18
17,30,30,18,23,31,19,28
24,19,19,20,28,31,23,26
30,23,27,30,28,23,24,23
23,29,25,30,30,27,20,35
27,23,27,30,27,30,34,19
26,32,30,28,35,32,34,29
32,39,36,33,40,37,34,35
29,55,30,33,44,51,41,42
45,42,36,28,45,48,35,28
36,45,37,59,37,39,41,45
53,43,52,49,52,40,61,60
43,52,55,56,53,38,46,58
41,52,63,63,57,65,73,78
72,87,62,85,73,91,81,96
78,82,79,74,97,66,102,77
80,92,69,79,84,70,80,73
76,80,64,62,73,81,64,76
62,58,62,58,75,64,52,50
67,62,68,62,66,70,68,72
45,71,78,70,54,63,65,61
61,60,57,63,55,57,55,63
66,60,62,54,43,63,57,53
62,55,47,48,57,57,64,54
60,55,43,51,51,52,49,61
45,55,54,52,48,52,58,51
44,45,48,62,63,42,53,37
53,56,52,59,59,54,46,48
39,51,51,45,57,50,50,40
56,48,59,52,54,44,49,68
73,42,45,58,52,48,48,61
60,53,51,43,56,59,55,46
61,61,58,47,55,64,57,53
53,62,42,49,48,39,50,60
58,47,53,55,51,43,47,38
49,54,48,54,48,51,44,61
63,40,59,54,48,46,41,58
52,54,45,36,40,70,52,57
59,67,50,53,49,54,52,42
50,63,47,56,49,45,64,46
57,45,53,61,54,53,40,58
49,51,48,49,51,52,50,55
58,41,54,56,56,39,44,61
51,42,49,46,62,47,46,55
47,37,47,48,49,43,56,40
41,56,61,52,35,48,45,43
55,60,43,42,56,52,44,48
58,50,46,51,59,56,41,44
48,55,46,52,51,63,52,44
42,51,47,51,53,48,48,40
55,52,33,55,44,59,46,43
38,41,51,51,52,41,47,61
45,45,65,45,53,49,49,56
46,59,50,56,53,56,42,55
64,42,43,55,51,42,49,38
40,60,63,52,47,29,51,44
59,49,65,52,57,48,48,54
49,51,57,54,62,47,56,56
52,65,51,48,54,56,50,60
59,57,70,57,53,43,52,54
49,58,48,55,58,69,62,51
49,41,54,59,55,61,70,46
49,49,59,54,57,51,52,59
41,43,43,46,52,49,48,42
44,45,34,48,52,42,41,36
36,51,34,45,47,33,37,41
30,38,32,34,43,37,48,36
45,41,33,28,38,35,23,30
29,33,29,39,32,27,33,38
34,34,33,34,42,39,32,19
40,39,23,29,34,34,26,28
35,26,34,28,31,17,33,35
37,34,20,21,28,30,26,26
32,30,24,25,26,23,24,25
16,27,34,31,22,21,25,16
17,25,30,24,27,27,24,32
32,25,29,23,20,16,28,23
34,22,17,26,25,15,26,22
16,19,21,20,25,17,30,29
23,22,18,20,20,25,24,31
24,15,16,21,21,29,25,28
25,24,21,27,23,18,25,19
21,17,18,18,31,15,18,14
21,21,20,16,20,17,14,14
18,18,24,18,13,19,15,20
14,17,16,19,12,14,22,18
21,22,14,27,16,14,17,22
16,12,14,18,22,7,18,13
18,17,15,20,14,16,15,19
11,14,16,13,16,21,14,19
20,16,11,16,14,18,18,12
15,12,8,11,16,19,11,26
16,20,13,18,16,15,13,12
18,10,18,17,17,8,19,13
12,10,17,18,14,17,13,14
14,17,13,9,12,12,15,13
15,9,13,13,15,18,15,13
7,20,17,13,17,14,11,18
12,16,18,12,14,15,11,17
14,14,7,22,15,9,16,15
12,11,11,12,13,16,17,13
16,12,9,16,14,8,8,15
11,12,10,12,13,18,16,11
19,14,10,16,9,9,10,11
10,7,21,11,13,13,11,14
20,8,11,15,17,11,13,9
9,10,15,10,16,16,6,7
13,16,8,18,13,14,12,15
13,18,10,19,10,16,13,18
10,12,11,10,18,15,18,9
15,14,15,12,10,14,18,14
15,8,12,13,14,19,14,14
13,20,11,26,17,9,11,24
15,19,19,18,15,16,16,22
18,16,19,14,16,20,15,11
15,12,14,12,20,17,18,19
20,15,13,12,18,22,23,23
24,24,25,23,23,16,24,26
21,18,28,24,22,27,26,30
27,18,33,25,25,13,32,29
24,20,36,29,33,37,32,33
29,35,37,30,35,30,31,40
33,27,39,33,38,30,22,25
29,48,30,33,41,40,50,39
38,39,34,46,44,39,43,45
42,29,41,47,51,46,43,43
32,42,51,36,53,37,28,32
38,41,35,47,35,40,35,42
43,41,41,34,34,42,34,30
42,39,47,48,37,43,37,42
49,38,49,37,36,29,40,33
36,28,34,21,34,44,27,34
30,33,43,38,36,33,37,35
38,22,24,40,30,36,36,27
32,26,39,30,25,25,22,23
27,23,29,23,23,27,26,22
30,22,20,25,21,26,19,19
28,19,20,14,28,21,18,14
18,16,17,13,18,18,17,21
23,10,9,16,15,14,15,19
13,14,10,22,9,8,11,11
13,13,6,13,13,13,8,13
8,13,5,15,10,10,8,14
12,16,18,9,9,9,11,12
9,10,8,6,8,6,12,3
10,5,6,9,8,7,7,6
7,7,9,4,10,4,9,10
11,8,6,7,14,8,8,13
9,11,10,8,9,13,6,11
8,8,9,1,7,10,8,9
7,8,15,6,6,6,9,8
9,7,7,11,16,14,10,3
5,11,15,10,9,9,11,7
13,11,9,13,8,9,11,11
10,8,10,6,12,12,8,12
7,12,9,13,11,15,16,12
6,12,11,12,4,14,8,6
11,13,12,7,12,9,10,14
5,11,5,12,16,9,9,6
11,10,12,5,10,9,13,13
11,7,10,9,3,9,15,9
15,11,2,11,8,15,14,12
8,8,7,12,12,10,16,10
10,9,14,10,10,17,3,8
4,6,9,10,12,8,12,10
8,10,14,7,5,9,8,10
6,7,10,10,9,7,9,12
13,4,9,9,8,8,12,8
18,11,9,13,9,4,7,4
9,5,8,6,5,10,6,5
8,9,2,10,5,5,8,7
9,7,8,4,1,7,4,9
6,4,5,11,4,8,5,8
5,2,3,8,4,10,4,6
3,5,3,5,9,3,9,3
10,3,5,4,8,10,6,2
6,6,2,7,4,6,5,7
11,8,5,7,7,9,0,10
6,2,3,5,5,3,6,6
5,6,5,3,7,4,3,3
9,4,2,4,6,8,3,3
3,1,8,7,6,5,3,7
7,5,1,4,5,3,3,3
6,4,5,4,1,2,6,3
5,5,10,2,6,5,6,6
4,3,1,4,1,2,2,3
9,2,2,6,3,2,8,3
3,2,7,3,2,3,4,6
4,6,1,3,3,2,5,3
3,7,3,7,7,6,4,4
4,2,3,4,3,8,3,1
2,5,4,2,5,5,4,2
4,4,2,5,3,3,6,5
4,2,3,0,4,5,2,2
1,2,5,2,4,1,1,2
1,6,1,1,1,3,6,2
3,4,7,4,6,5,3,3
4,5,1,2,3,3,6,6
1,4,2,3,3,3,3,3
4,2,2,2,3,3,6,5
5,1,3,3,6,3,2,2
1,4,4,6,3,3,5,2
3,1,3,2,3,1,2,4
7,1,7,5,7,3,3,5
2,3,2,3,3,4,2,4
4,4,4,1,2,3,2,6
3,4,6,3,4,5,3,1
2,3,3,4,5,4,6,1
7,1,3,6,6,0,4,3
3,5,4,4,3,5,5,6
2,6,4,5,3,5,5,3
7,3,4,9,1,7,3,8
10,5,5,8,10,5,7,4
7,7,5,4,4,6,9,4
3,4,8,4,4,9,5,3
3,6,3,5,2,7,6,2
6,2,5,3,7,6,2,3
4,2,5,6,7,4,5,7
7,2,4,4,5,6,7,3
4,6,5,2,6,3,3,8
5,6,4,5,7,3,1,1
3,2,3,5,7,5,6,7
7,3,3,2,2,3,4,2
5,1,6,6,8,11,6,3
5,2,6,2,5,1,5,0
4,2,2,3,6,3,4,2
2,6,4,3,7,5,4,2
2,6,2,3,4,1,2,2
3,1,3,6,4,5,5,5
4,1,2,5,1,4,2,2
4,7,6,3,5,5,5,3
1,2,4,5,4,3,3,3
4,5,1,1,3,4,0,2
1,3,3,4,4,5,3,1
2,5,3,8,4,3,5,0
4,1,4,4,1,5,4,4
4,2,2,1,2,3,2,1
2,3,3,2,3,2,4,3
2,3,3,3,0,2,2,0
