SpectrumName : Messung_1cmAlu_30Grad_LLDhoch.SPC
XUnit        : 
YUnit        : 
Length       : 2048
SubSpcNum    : 1
StartSubSpc  : 0
StopSubSpc   : 0
Comment      : 
Realtime     : 301.068
Livetime     : 300.000
Deadtime     : 1.068
Starttime    : 16.03.2016 12:33:48
Stoptime     : 16.03.2016 12:38:49
CalibCoeff   : a=0.000000000E+000 b=0.000000000E+000 c=0.000000000E+000 d=0.000000000E+000
SpectrumText : 0 
0,0,0,0,0,0,0,0
0,0,0,0,0,0,0,0
0,21,23,24,22,10,15,18
17,17,15,10,20,20,16,17
16,12,18,19,22,12,17,23
13,15,23,19,22,23,13,19
22,20,17,16,26,18,22,19
20,15,18,16,19,19,19,17
12,26,16,22,18,23,19,22
24,27,32,24,22,25,14,33
13,16,31,28,25,25,24,24
18,24,24,29,17,26,30,28
32,28,28,24,16,20,25,26
21,24,38,21,20,30,23,26
23,29,28,18,25,28,28,31
30,32,29,25,31,33,35,22
28,17,27,18,30,25,21,25
39,29,22,28,31,20,27,31
31,33,28,29,20,31,39,25
43,34,26,35,38,30,31,45
38,44,40,26,32,43,42,25
32,37,29,28,41,49,36,34
41,42,32,28,41,46,32,38
27,47,47,25,57,44,49,45
37,45,50,34,42,34,36,42
47,37,43,51,38,38,48,43
43,41,31,51,46,61,45,49
47,52,59,55,49,51,44,56
47,51,42,61,52,54,53,53
75,47,64,65,51,58,68,66
68,70,62,67,84,70,61,94
71,76,83,110,96,87,112,103
94,101,104,121,111,109,119,97
98,98,107,114,104,96,102,87
81,82,77,96,72,73,98,70
72,66,83,73,63,71,83,79
80,80,74,77,80,81,78,85
75,84,81,69,85,78,77,82
71,63,83,56,49,77,65,69
61,75,46,66,70,61,71,64
69,63,58,69,70,74,58,58
62,51,68,56,41,69,53,67
58,52,61,73,48,53,61,66
60,61,53,62,54,62,76,45
63,52,57,67,52,65,67,56
65,64,56,65,63,52,52,58
65,77,67,66,54,75,68,64
57,79,68,58,62,70,86,66
90,63,61,68,48,62,77,61
60,68,56,68,68,60,63,62
57,66,76,62,65,52,50,67
60,61,63,53,53,60,65,45
60,75,58,59,71,56,49,67
66,47,61,65,68,77,58,59
58,50,63,52,72,60,49,58
57,53,48,66,59,57,55,52
62,62,51,63,61,67,56,58
71,54,52,53,55,62,62,64
68,54,38,45,60,49,61,52
55,58,74,65,66,63,46,55
64,53,69,57,56,52,62,47
57,59,49,68,45,52,53,57
61,66,55,66,57,55,58,60
60,62,69,72,67,49,68,63
50,58,54,62,57,55,44,62
51,62,43,61,57,62,64,68
62,57,59,61,56,76,57,50
68,55,65,75,67,62,56,55
61,59,62,50,64,71,68,65
57,71,63,64,58,70,76,68
66,76,65,63,70,53,61,62
68,75,65,72,62,70,63,72
93,80,61,63,59,78,72,72
78,72,82,72,62,72,82,85
76,61,71,78,88,78,85,83
85,80,95,96,99,91,97,79
87,86,87,72,81,83,95,92
80,80,78,73,86,77,72,89
92,100,81,91,83,67,89,108
75,72,85,90,69,71,77,83
75,71,95,87,86,74,70,66
73,69,91,74,61,61,66,64
78,73,61,76,60,59,71,64
64,55,55,43,38,50,44,60
52,54,53,55,52,37,42,61
45,49,41,50,50,43,44,42
46,49,51,48,42,39,45,38
47,56,41,30,40,45,32,29
46,44,54,49,42,43,48,31
30,53,53,50,35,32,41,32
33,41,24,37,30,39,43,39
42,40,36,29,40,40,47,45
36,36,39,29,34,40,32,46
38,39,42,40,45,45,33,35
49,33,38,35,36,38,26,33
33,25,33,24,30,35,36,31
39,34,41,39,41,35,39,43
41,40,37,32,34,49,36,34
36,35,41,31,41,30,33,35
32,45,37,27,39,35,36,24
36,39,26,40,34,38,35,30
31,30,30,34,31,29,35,33
29,38,30,25,25,33,32,22
26,29,27,23,26,29,24,35
26,32,38,36,30,31,28,30
32,33,47,34,29,33,19,30
30,28,32,28,26,24,29,29
28,32,25,24,35,32,28,28
35,36,39,33,24,19,28,31
22,27,23,27,34,34,21,23
23,34,23,28,27,28,32,24
29,29,30,31,28,17,14,22
21,24,31,25,26,27,24,29
33,27,28,25,24,23,28,21
39,27,22,20,25,29,34,19
24,23,28,24,24,22,27,23
33,14,32,21,19,30,22,21
18,25,26,19,21,31,27,24
25,18,22,25,20,26,30,25
32,23,24,28,28,18,29,35
27,24,29,18,22,23,19,28
34,23,29,27,14,28,25,27
35,20,25,20,23,18,27,24
30,19,22,27,25,24,19,25
17,16,27,23,19,26,20,23
20,22,30,23,16,19,21,25
33,20,22,24,20,22,16,17
22,22,25,25,22,18,27,18
27,26,21,20,25,38,23,24
23,22,31,18,23,20,25,19
18,24,17,18,26,14,18,23
20,19,27,29,25,27,13,23
23,13,21,15,22,20,29,22
28,19,34,23,27,23,18,22
26,24,12,20,19,22,18,21
29,26,13,15,14,17,22,23
26,34,23,21,24,27,13,21
19,26,16,18,27,26,19,25
20,22,18,17,16,21,20,27
25,28,23,20,17,19,20,19
16,20,14,27,18,29,24,18
22,26,14,19,19,22,20,19
25,24,16,27,22,27,27,26
20,33,18,16,18,29,16,20
28,25,13,27,30,23,26,24
22,17,20,17,14,20,15,14
33,26,11,20,13,15,17,20
19,15,21,24,22,21,18,21
22,21,18,17,15,21,20,16
17,23,16,20,16,10,23,30
23,23,10,15,29,21,19,18
18,17,18,23,15,10,9,11
15,20,17,22,13,18,18,16
12,23,23,20,13,20,16,15
14,19,21,10,25,15,13,16
9,23,14,13,16,19,11,18
18,21,13,23,14,15,15,14
11,12,10,18,20,11,19,20
14,10,14,16,15,18,14,14
10,11,15,12,15,11,14,19
13,15,16,12,10,18,9,9
11,11,19,12,18,18,20,21
13,13,13,12,9,17,14,12
10,16,13,12,8,16,12,9
15,15,14,13,12,16,8,10
10,9,7,6,12,16,18,7
12,9,15,9,13,14,13,10
14,9,12,9,10,22,8,14
7,15,9,9,10,12,17,11
9,12,10,7,9,11,15,13
14,12,10,9,13,5,16,16
16,8,14,12,15,9,11,12
12,14,16,12,8,13,4,10
12,9,9,16,5,13,10,14
7,7,18,9,14,9,13,15
6,12,11,12,10,12,3,9
12,8,6,10,9,17,11,8
10,15,11,13,14,12,11,10
7,10,5,12,8,8,12,6
6,14,8,10,12,13,11,8
13,10,10,10,8,11,12,9
13,10,7,11,7,6,6,13
4,8,6,6,9,11,12,11
13,8,4,10,9,10,6,9
11,8,9,9,9,8,11,9
8,11,5,6,9,9,10,8
7,11,7,12,4,7,7,10
8,15,13,12,5,2,7,5
8,9,10,12,11,11,10,4
5,8,12,9,8,10,6,3
7,11,9,14,5,12,11,8
8,6,10,11,7,9,10,6
7,12,7,9,7,11,14,8
7,13,11,10,16,9,13,8
12,8,12,10,7,12,12,9
12,7,7,15,12,4,12,12
10,17,11,13,5,7,9,13
11,6,9,9,10,12,10,15
7,9,15,12,13,8,15,11
10,12,13,11,9,16,14,14
9,8,13,10,22,14,14,11
11,16,10,11,13,12,10,8
13,16,15,11,11,19,18,10
15,10,18,14,12,20,14,10
19,21,21,20,27,15,12,25
26,17,12,22,18,19,17,27
18,19,18,21,19,15,17,17
27,19,31,28,23,24,25,24
29,27,27,32,26,28,23,27
41,23,34,30,31,37,30,31
19,26,37,30,29,28,35,20
33,35,36,31,54,39,33,33
35,30,29,30,48,37,34,37
46,35,54,39,45,39,53,41
51,37,55,39,43,35,68,45
63,59,51,85,44,50,46,59
64,59,61,55,64,53,68,53
59,58,56,61,65,69,64,64
65,76,76,77,68,84,74,66
61,76,69,74,66,68,82,78
84,77,66,82,89,81,68,87
67,63,71,65,87,86,71,77
89,69,80,80,97,77,94,85
67,91,90,99,79,76,93,90
86,79,74,71,67,90,83,97
84,108,92,84,82,85,87,87
112,84,85,92,86,78,101,94
92,89,71,92,86,75,80,78
88,65,84,83,96,70,91,62
80,72,83,86,70,81,72,76
59,81,71,71,70,59,65,66
71,63,53,53,60,51,50,59
73,64,52,60,45,55,55,61
47,45,42,47,45,37,37,45
51,28,26,40,36,40,28,31
32,31,21,29,28,16,45,20
24,21,32,20,21,17,18,15
13,14,27,15,16,22,13,25
20,13,12,17,13,12,13,10
15,12,16,9,13,13,6,12
9,8,10,9,7,10,8,12
9,4,9,6,5,2,11,9
7,4,4,7,6,5,8,4
1,6,7,9,4,3,4,9
4,5,5,4,3,7,2,3
11,5,5,3,1,4,8,2
4,2,2,1,2,1,5,3
3,8,2,2,6,5,2,5
4,3,4,2,3,2,4,2
1,1,2,7,4,2,5,4
5,3,4,3,6,5,1,2
2,8,7,2,2,3,2,3
2,1,3,4,4,6,3,1
3,2,4,2,3,2,5,4
4,2,2,2,5,4,5,1
5,1,0,5,4,1,3,0
