SpectrumName : Messung_1cmAlu_20Grad_LLDhoch.SPC
XUnit        : 
YUnit        : 
Length       : 2048
SubSpcNum    : 1
StartSubSpc  : 0
StopSubSpc   : 0
Comment      : 
Realtime     : 301.234
Livetime     : 300.000
Deadtime     : 1.234
Starttime    : 16.03.2016 12:27:31
Stoptime     : 16.03.2016 12:32:32
CalibCoeff   : a=0.000000000E+000 b=0.000000000E+000 c=0.000000000E+000 d=0.000000000E+000
SpectrumText : 0 
0,0,0,0,0,0,0,0
0,0,0,0,0,0,0,0
0,21,34,24,22,21,20,18
23,8,19,16,9,9,12,19
16,19,16,16,19,23,25,19
15,18,13,21,28,23,14,19
13,17,34,15,21,19,21,22
31,13,21,19,15,22,21,21
16,28,22,11,21,25,16,26
27,23,30,31,24,21,25,31
18,19,27,21,16,26,34,28
22,33,17,21,19,26,26,22
27,26,28,27,20,19,28,32
34,21,25,30,26,29,24,34
27,20,39,27,23,31,36,17
29,36,32,24,27,23,26,20
34,27,38,24,32,33,33,33
29,22,35,31,36,38,31,30
30,32,37,30,32,35,37,32
41,45,34,47,31,32,44,28
31,44,49,38,43,26,46,34
44,40,40,37,47,42,34,40
37,31,32,33,35,48,37,34
41,30,52,37,41,37,55,36
51,41,43,42,48,44,50,56
43,54,43,42,52,41,45,44
55,46,43,40,47,51,51,63
57,54,55,54,58,53,55,57
62,61,54,62,53,68,52,75
65,51,48,55,59,51,61,63
74,73,77,74,61,71,66,78
88,89,81,87,85,81,106,93
107,95,124,101,118,114,117,109
112,124,99,109,103,101,94,92
84,79,106,85,80,81,66,69
73,69,71,68,82,74,80,81
77,80,81,68,73,98,83,71
78,88,79,75,82,78,80,68
74,73,84,76,79,69,73,62
79,80,70,58,66,74,81,72
60,44,75,52,58,67,72,44
60,61,54,58,63,59,59,57
60,72,60,63,62,69,62,59
74,62,54,74,70,47,59,81
65,61,64,71,69,81,58,59
64,65,71,72,63,78,62,66
76,71,67,51,67,51,59,66
63,72,73,60,65,61,67,70
56,59,65,57,60,67,84,69
82,54,67,68,50,79,61,72
50,73,65,66,60,62,54,58
71,65,53,67,63,49,75,59
73,64,62,64,91,55,56,62
78,56,68,53,74,61,70,58
82,63,63,58,55,80,49,71
62,68,58,49,56,70,54,75
66,70,68,65,50,70,61,52
54,65,60,62,47,53,56,68
59,62,63,61,64,50,63,60
57,55,60,70,61,53,70,57
49,64,56,53,49,62,65,72
59,65,58,60,53,54,55,73
65,58,51,64,48,66,69,65
47,60,59,69,60,51,59,54
62,53,60,58,67,51,54,56
66,68,57,61,68,58,61,54
56,54,52,69,62,55,57,49
61,76,53,76,60,64,66,50
54,44,57,68,55,52,56,76
66,75,71,69,52,63,53,68
54,62,49,73,64,67,72,63
67,58,69,65,69,76,75,56
60,69,71,88,73,75,75,90
83,69,76,65,87,83,81,72
78,82,75,79,78,83,90,93
84,94,90,90,91,89,80,85
92,91,86,94,80,105,92,86
94,93,84,70,95,88,86,108
74,94,84,89,84,69,87,92
83,84,98,94,100,80,56,85
83,78,87,78,71,74,88,68
61,77,67,59,73,73,67,72
53,58,59,54,63,81,69,72
55,64,69,59,50,57,67,60
41,52,57,46,48,48,56,53
49,60,64,43,44,43,54,50
42,52,56,58,70,49,55,50
49,55,49,59,46,44,57,46
39,51,42,49,41,39,51,36
44,46,41,51,55,33,41,33
36,53,40,59,38,41,46,41
39,43,37,40,56,46,41,40
37,44,38,38,44,37,41,43
39,34,32,30,43,30,47,29
39,43,41,44,40,41,43,47
37,47,38,46,39,40,47,40
32,42,50,37,41,49,35,35
36,44,30,42,50,35,50,21
26,28,44,39,41,36,37,42
35,33,37,35,35,30,36,36
35,30,39,30,32,33,37,45
29,37,39,35,40,29,42,38
43,33,48,29,38,30,39,27
33,26,40,29,40,33,31,38
34,42,39,38,29,33,32,32
29,31,41,36,49,24,33,37
21,40,29,41,32,33,31,28
29,31,28,32,26,27,31,33
30,30,32,19,29,35,28,19
40,31,34,31,37,25,38,31
25,29,24,28,25,29,31,30
34,31,30,26,22,29,31,29
31,35,36,33,26,24,28,36
23,26,35,42,33,32,23,24
33,34,26,33,21,22,30,35
31,35,26,29,41,29,25,29
28,28,30,29,28,24,27,31
23,24,29,29,27,26,23,29
27,18,27,31,26,36,25,31
35,27,31,27,24,28,17,35
29,30,23,35,24,32,28,22
27,21,27,23,26,26,22,25
30,18,25,25,24,32,29,30
31,28,22,28,28,24,21,28
36,18,15,26,26,26,20,18
17,27,20,23,26,23,25,30
21,22,29,31,18,19,26,26
27,17,28,18,19,32,29,24
29,25,26,20,28,28,23,28
19,23,32,16,24,28,25,26
29,24,25,23,18,20,27,29
27,32,18,24,23,21,20,26
18,22,25,28,28,26,16,24
22,22,22,29,28,22,25,17
27,35,22,21,23,21,27,20
32,23,21,26,31,19,19,18
14,30,24,24,25,19,23,33
23,17,31,22,18,30,23,16
22,28,25,24,20,16,21,18
32,26,22,21,24,31,21,23
25,16,30,25,23,28,30,19
22,30,19,21,20,31,19,22
33,25,32,30,27,33,25,20
22,25,25,25,26,23,26,36
26,28,17,20,34,29,17,26
32,23,36,20,22,24,26,29
24,22,25,28,30,21,29,28
24,21,26,33,28,29,27,23
27,27,29,17,27,25,23,23
17,31,18,28,20,26,25,22
25,22,29,21,22,21,30,25
24,25,27,26,18,24,30,26
21,17,30,35,19,33,18,25
19,33,26,16,29,25,22,23
24,27,26,18,18,16,24,21
27,34,17,20,24,26,24,30
17,24,21,18,29,20,13,16
18,16,31,21,30,19,19,23
22,23,24,23,23,19,26,28
14,23,21,24,23,32,21,17
21,22,17,19,32,23,16,19
23,20,12,26,19,28,19,23
19,27,22,23,16,22,18,17
19,27,20,26,20,18,32,28
20,23,21,28,17,23,26,22
13,15,14,29,23,18,19,18
28,24,28,23,18,17,19,23
19,15,22,20,22,20,27,22
24,17,20,20,21,22,19,19
23,24,18,21,18,15,12,24
19,23,14,18,19,18,20,13
29,14,14,29,19,21,14,12
13,12,22,19,14,22,16,17
8,16,14,13,15,15,17,18
12,19,22,16,19,10,14,13
15,18,24,11,14,15,13,22
22,19,13,18,14,10,15,10
9,13,17,13,7,21,10,11
20,16,14,11,15,19,12,16
15,11,14,14,13,18,14,14
17,10,12,14,14,17,15,13
13,11,9,13,9,13,15,15
9,11,17,10,9,12,21,18
11,12,16,11,11,5,9,4
19,19,19,9,8,15,16,11
12,19,11,11,12,16,6,10
8,14,11,15,13,17,8,16
9,13,10,13,11,13,15,10
8,11,10,17,9,10,11,15
13,11,16,13,7,10,16,15
10,13,9,14,9,7,6,5
12,8,9,14,8,13,12,14
10,8,17,6,11,9,12,10
18,8,15,21,9,11,9,13
8,14,8,13,8,11,11,15
13,9,6,7,9,7,10,11
14,10,13,9,13,15,6,8
7,9,8,17,16,14,17,12
8,3,10,6,12,7,7,6
9,10,9,12,12,8,15,13
15,6,12,12,6,15,7,10
5,7,10,9,12,11,10,11
11,11,12,9,7,13,10,7
5,9,7,9,15,12,10,7
7,12,11,8,7,12,10,11
7,8,9,10,9,5,9,6
12,13,8,12,11,2,11,6
7,11,9,14,7,7,9,10
10,9,12,5,9,13,10,7
14,11,4,8,14,6,10,6
16,12,9,6,9,10,12,12
5,7,10,11,14,9,10,9
13,10,8,14,13,16,11,12
10,8,9,4,12,12,11,11
13,19,12,13,11,13,16,8
13,9,10,10,12,14,14,10
14,9,13,13,14,16,8,17
12,17,8,14,22,13,8,18
8,14,17,13,14,14,16,20
11,14,7,14,13,25,22,16
18,16,16,24,20,21,20,19
25,29,18,28,25,24,24,27
33,33,25,27,31,30,28,33
34,35,42,36,42,36,48,37
38,44,40,42,45,51,62,71
46,55,64,45,64,77,60,65
68,63,81,77,71,74,86,87
80,97,75,94,109,93,93,112
119,91,118,100,119,123,125,120
134,121,110,141,123,145,146,160
176,194,142,140,162,135,161,171
183,158,178,180,213,196,166,181
169,194,157,197,183,192,191,195
187,176,185,173,190,196,210,193
162,187,159,144,185,170,163,162
168,182,165,156,139,164,139,149
114,137,140,143,139,126,131,104
133,126,109,99,96,99,99,78
92,64,75,63,65,67,61,58
70,71,66,44,52,49,59,43
47,42,30,46,26,43,40,33
33,43,23,31,20,22,22,28
22,24,14,12,16,16,15,11
10,9,13,11,13,11,10,6
7,9,4,5,9,9,5,2
5,10,1,5,6,7,1,4
6,2,4,1,5,6,5,3
5,1,3,5,3,3,1,1
1,2,2,0,2,2,3,4
2,3,1,2,8,3,3,1
6,1,0,2,3,1,4,0
4,1,2,3,3,3,2,2
2,4,4,4,4,6,3,1
2,0,3,3,1,2,5,3
8,2,4,2,7,6,2,2
2,3,3,2,3,3,5,0
