SpectrumName : Messung_1cmAlu_50Grad_LLDhoch.SPC
XUnit        : 
YUnit        : 
Length       : 2048
SubSpcNum    : 1
StartSubSpc  : 0
StopSubSpc   : 0
Comment      : 
Realtime     : 300.772
Livetime     : 300.000
Deadtime     : 0.772
Starttime    : 16.03.2016 12:46:45
Stoptime     : 16.03.2016 12:51:46
CalibCoeff   : a=0.000000000E+000 b=0.000000000E+000 c=0.000000000E+000 d=0.000000000E+000
SpectrumText : 0 
0,0,0,0,0,0,0,0
0,0,0,0,0,0,0,0
1,18,15,19,13,9,10,13
10,8,11,8,18,10,9,8
18,15,19,17,19,9,11,12
15,15,17,14,18,12,8,14
19,11,10,18,11,14,18,17
17,9,10,15,20,12,21,11
20,10,8,15,15,11,19,19
10,16,21,14,22,19,19,17
18,15,15,20,21,14,21,17
23,24,12,25,13,18,25,15
25,15,14,9,29,22,22,24
25,22,17,17,19,14,16,24
18,13,13,16,19,24,32,27
20,22,28,27,31,13,26,22
21,17,33,19,15,20,25,17
21,29,19,21,19,27,15,21
26,22,27,36,24,23,31,31
20,29,29,37,28,33,37,36
28,30,31,35,23,29,28,33
26,30,24,21,33,26,26,34
32,38,27,35,29,37,33,24
35,38,29,34,34,40,41,32
30,42,37,29,41,45,34,51
35,40,35,40,39,42,31,54
36,34,44,35,50,39,43,47
43,38,57,50,42,43,48,54
56,51,56,42,54,53,58,52
53,50,70,39,53,51,66,63
53,62,72,56,66,67,80,74
78,83,73,81,81,80,83,75
87,94,94,91,86,80,101,96
93,108,102,79,83,85,87,91
80,81,77,80,77,67,77,69
75,72,60,64,56,59,63,61
59,67,45,74,67,72,69,80
76,74,60,65,76,78,62,70
60,62,84,56,67,74,57,62
65,53,62,53,50,67,44,58
55,52,56,54,53,48,48,41
49,54,51,55,59,49,64,63
53,65,51,39,81,57,62,53
76,57,56,57,50,63,56,53
62,55,52,49,63,62,53,77
52,58,53,62,62,64,58,59
54,74,66,63,48,56,48,68
62,48,69,49,61,63,45,73
57,49,58,65,59,66,64,61
64,68,48,64,59,59,55,67
46,72,52,74,76,47,54,63
49,63,60,70,61,55,58,52
48,62,70,53,52,59,59,53
56,75,62,62,52,55,57,67
56,48,52,51,71,54,52,51
51,57,66,52,69,51,56,52
60,55,52,45,55,47,51,63
64,58,54,44,54,62,45,50
53,57,50,61,52,62,50,42
40,54,50,57,53,58,53,52
61,59,52,57,61,52,53,54
53,51,55,44,70,50,50,60
59,49,70,48,53,47,62,60
41,43,54,49,60,58,51,65
57,59,65,42,55,57,43,42
44,54,64,40,59,46,59,72
62,65,57,55,52,51,52,55
59,59,62,56,55,54,66,63
51,59,46,47,50,48,56,45
73,47,54,64,62,61,61,63
40,65,49,58,47,53,54,62
49,54,68,55,54,61,53,66
56,60,76,68,54,59,61,66
53,59,62,53,71,67,63,54
58,60,70,70,65,61,63,57
61,61,88,62,72,67,63,62
57,77,69,58,73,78,67,64
80,67,75,63,57,73,68,66
64,72,67,64,65,76,58,51
63,76,77,67,53,69,54,65
56,58,61,56,50,63,66,63
67,50,60,74,57,58,48,57
57,60,48,60,48,55,55,50
38,43,51,54,42,47,49,39
35,31,35,43,41,40,42,53
55,41,40,52,37,43,38,34
34,41,53,35,44,31,37,32
38,32,41,38,29,36,29,25
39,28,34,39,44,22,40,33
27,24,31,25,39,30,34,28
33,31,26,26,27,25,30,31
24,28,35,25,27,34,28,29
32,28,28,37,27,29,26,35
32,36,24,25,33,32,26,34
35,32,26,36,32,27,27,18
21,33,39,29,33,29,33,30
34,17,30,28,23,22,28,29
35,38,35,30,32,19,24,30
29,27,26,31,18,27,32,23
16,25,35,22,39,28,21,30
18,27,21,29,28,30,17,24
26,21,27,24,30,24,20,32
28,24,22,29,29,26,22,16
23,21,30,32,22,26,22,24
31,22,21,26,21,20,27,17
29,24,19,27,17,24,24,29
19,20,31,28,35,24,9,13
18,20,21,24,22,15,17,18
17,18,22,19,23,18,26,27
26,22,16,32,19,21,16,22
18,12,23,15,22,18,17,21
19,21,18,14,12,20,26,23
21,16,11,14,15,18,15,18
21,21,10,19,16,25,12,18
15,16,28,19,18,20,19,12
30,17,15,16,15,19,28,23
16,17,21,11,20,13,23,15
12,17,15,17,17,14,10,17
16,10,12,9,14,19,22,14
13,25,12,18,16,16,15,22
14,22,14,11,15,17,21,16
11,21,18,20,16,5,13,14
14,15,14,11,17,9,18,19
10,12,14,15,9,19,16,19
13,13,21,18,19,14,16,18
12,13,18,11,15,8,16,13
17,9,11,17,9,11,14,14
16,22,12,11,16,15,14,17
13,12,11,18,9,13,10,6
9,15,12,13,8,12,11,18
13,13,8,12,12,13,11,14
10,11,14,13,18,7,11,15
14,12,10,15,12,16,11,14
15,16,9,12,14,12,13,14
16,14,12,5,9,8,8,17
12,19,20,16,10,13,5,19
14,15,15,10,24,5,6,8
13,8,13,10,8,10,18,15
8,9,6,16,11,9,10,16
9,14,8,6,11,12,8,8
9,9,11,10,16,13,18,7
9,18,16,12,13,16,11,5
13,13,11,11,14,12,14,9
14,10,11,8,11,16,14,13
11,11,12,7,11,14,21,14
19,11,15,18,9,11,11,13
7,13,12,5,8,9,11,10
13,9,12,10,11,8,9,8
8,9,16,8,14,7,12,6
11,11,12,12,2,10,11,11
5,6,6,10,16,17,12,14
7,12,13,10,7,6,13,10
12,13,11,14,15,10,6,5
6,12,17,9,6,10,13,8
6,7,10,13,7,9,12,10
9,8,4,12,6,5,7,12
4,7,7,13,9,10,5,10
13,8,6,5,12,7,11,13
14,11,9,10,13,13,14,7
10,9,5,10,13,8,10,13
8,10,12,7,13,10,11,6
13,8,6,7,7,9,8,13
11,15,8,10,11,8,10,10
12,9,18,7,8,10,12,9
13,8,12,15,12,13,12,18
14,9,11,14,16,15,17,10
20,17,17,14,13,11,13,21
16,15,20,10,18,24,21,24
17,15,20,11,20,25,16,27
29,17,19,24,28,25,28,18
27,30,17,27,11,21,26,32
20,15,24,29,27,21,22,18
24,34,25,38,22,34,29,28
21,29,33,30,32,39,36,26
32,31,40,42,31,40,32,32
42,28,41,37,30,32,36,32
29,33,42,44,46,34,40,33
30,40,45,31,33,38,41,31
34,52,48,36,45,32,47,32
38,41,37,45,38,40,40,39
36,41,34,42,35,39,47,42
37,35,36,40,35,36,26,35
47,59,44,37,43,46,39,43
43,39,42,41,50,54,45,45
43,32,41,50,37,40,36,28
30,38,42,32,35,37,31,37
40,32,36,25,37,36,34,33
35,27,34,44,35,48,30,32
27,38,44,26,46,29,30,24
37,38,31,29,22,16,25,22
34,24,24,34,21,21,19,27
32,14,24,22,17,18,29,24
25,25,23,18,22,20,24,19
17,19,21,20,21,21,26,18
23,13,16,18,15,19,21,14
23,13,20,22,12,13,15,31
16,19,13,13,10,17,19,16
21,10,23,13,17,13,22,10
11,20,15,16,19,15,12,18
13,14,11,22,11,19,8,18
15,12,16,12,21,17,19,16
20,20,14,15,23,11,22,18
13,17,18,15,8,13,10,19
19,15,17,14,17,16,20,18
15,19,23,21,20,15,16,18
21,14,24,15,19,13,22,16
23,23,16,23,11,17,18,10
15,14,15,26,21,21,18,16
20,15,18,22,16,13,14,16
24,17,17,19,14,13,8,13
17,23,18,15,21,15,4,12
10,14,17,10,15,20,9,16
11,17,12,14,14,14,12,21
16,20,11,15,20,16,12,14
14,13,13,4,13,14,14,11
16,13,12,11,8,12,9,17
20,7,10,4,12,10,16,14
10,8,6,11,7,13,13,13
9,9,9,14,5,9,6,11
10,17,12,11,10,9,11,7
10,5,12,13,15,4,8,7
11,9,3,10,8,9,7,13
9,8,7,8,2,5,8,11
8,4,5,5,11,9,9,10
6,6,9,6,8,10,7,5
12,3,8,9,6,6,8,4
4,5,4,4,10,9,7,7
4,8,13,6,9,10,4,4
9,2,5,13,7,7,7,6
4,10,3,8,10,11,2,9
8,8,7,2,3,8,7,5
7,6,4,12,2,6,3,5
2,2,6,12,5,8,4,4
6,8,10,1,5,5,2,5
1,4,3,2,4,5,4,2
5,2,3,3,4,1,3,5
8,7,5,5,6,3,7,3
6,5,5,4,3,2,8,7
8,6,3,5,4,6,6,1
5,4,5,9,7,6,2,3
3,3,4,7,6,4,5,2
2,2,2,3,4,7,6,5
4,5,4,5,9,4,2,7
5,2,5,6,2,3,4,2
6,3,4,3,5,7,6,5
3,3,1,4,3,5,6,0
6,6,4,5,3,2,1,1
2,2,4,0,2,4,1,5
3,3,1,2,5,3,3,1
2,3,6,1,1,5,3,1
2,4,6,3,1,1,2,3
3,7,2,0,2,2,3,0
4,4,7,5,5,4,1,3
3,6,4,2,0,2,3,2
2,7,3,1,1,0,0,3
3,2,4,2,6,3,5,0
