SpectrumName : Messung_1cmAlu_80Grad_LLDhoch.SPC
XUnit        : 
YUnit        : 
Length       : 2048
SubSpcNum    : 1
StartSubSpc  : 0
StopSubSpc   : 0
Comment      : 
Realtime     : 300.586
Livetime     : 300.000
Deadtime     : 0.586
Starttime    : 16.03.2016 13:07:40
Stoptime     : 16.03.2016 13:12:40
CalibCoeff   : a=0.000000000E+000 b=0.000000000E+000 c=0.000000000E+000 d=0.000000000E+000
SpectrumText : 0 
0,0,0,0,0,0,0,0
0,0,0,0,0,0,0,0
0,9,18,9,9,10,11,4
8,13,2,8,10,11,6,15
6,10,9,6,8,9,7,12
6,8,12,7,6,13,10,7
10,12,16,12,18,14,14,12
12,8,19,15,17,11,16,11
16,14,15,6,9,14,14,10
11,17,9,9,15,10,18,11
17,16,18,16,18,14,12,17
26,20,10,10,15,15,22,17
13,21,10,13,17,11,14,17
11,15,16,14,9,14,11,10
15,24,19,12,21,13,17,14
18,22,12,24,13,12,16,32
13,25,22,20,23,24,29,31
23,19,20,20,19,23,23,23
27,25,29,22,20,28,23,29
28,30,25,20,33,22,31,24
31,25,25,35,15,22,33,26
32,27,18,34,26,23,25,36
29,31,32,20,23,25,37,27
37,34,26,21,51,29,20,28
35,34,35,35,33,42,39,38
26,46,33,26,41,39,38,30
46,44,50,33,38,45,47,41
45,40,54,41,54,40,42,47
36,35,44,47,53,57,47,41
44,58,42,44,48,44,73,53
46,49,65,62,54,64,58,61
62,76,73,86,81,79,87,91
95,86,99,83,75,91,87,105
72,92,74,85,85,84,64,66
73,50,60,66,52,55,52,68
63,59,56,69,60,63,60,59
71,47,59,64,48,52,62,60
63,61,59,57,64,67,63,67
61,59,56,60,58,55,51,48
49,44,55,48,62,41,45,57
46,70,51,38,52,56,45,63
48,46,55,59,52,46,45,57
33,48,54,53,49,47,61,48
53,54,44,56,48,58,58,50
45,48,48,54,48,52,45,48
52,66,50,52,49,49,47,41
42,46,52,70,49,48,62,62
57,42,61,58,41,42,58,50
53,47,27,43,47,53,52,50
45,46,49,58,51,61,66,51
52,51,50,54,43,61,50,31
40,49,51,73,52,59,53,39
40,37,49,54,49,55,45,39
47,50,40,48,58,39,48,51
51,38,66,56,52,64,52,57
37,46,44,56,42,44,40,42
49,69,62,63,45,48,56,46
60,57,44,54,55,47,56,60
47,40,41,53,41,58,41,46
58,40,46,41,58,55,54,58
44,47,46,45,66,47,49,51
43,46,67,47,43,58,51,50
56,37,49,49,57,51,49,54
42,47,48,53,53,36,53,60
59,53,51,37,53,45,50,47
55,53,47,53,47,43,54,46
50,58,49,59,52,45,48,50
45,40,47,37,45,32,38,49
46,52,55,52,47,56,46,38
49,36,44,51,42,40,55,56
41,45,53,42,43,45,46,47
44,53,48,43,67,60,40,41
53,62,40,55,43,56,39,59
45,55,41,50,49,59,63,51
46,60,44,59,50,54,61,48
65,45,49,51,53,56,53,51
57,46,49,43,38,50,61,52
68,53,58,27,51,58,46,47
58,58,54,46,58,57,54,56
49,58,61,53,44,51,49,43
51,49,47,50,38,39,36,38
58,30,38,40,29,53,53,48
30,36,40,30,33,41,49,40
29,27,27,41,31,35,31,41
32,40,33,33,32,38,38,25
35,31,42,22,27,29,35,34
29,24,28,42,36,31,32,22
24,26,28,21,26,21,30,37
29,23,19,33,31,24,20,30
31,21,23,15,19,28,17,23
29,28,33,34,24,25,28,41
19,30,35,35,23,17,26,15
28,25,16,17,25,23,19,31
22,21,25,22,19,21,21,18
18,18,25,26,20,30,17,29
28,21,24,20,15,20,20,19
30,31,17,18,25,25,27,31
22,30,19,13,27,28,17,14
14,28,20,25,21,22,28,19
20,16,21,25,17,11,14,24
22,20,23,26,20,21,14,9
17,16,15,14,24,16,14,16
18,13,13,11,17,6,18,19
15,16,20,15,19,17,19,20
16,12,13,16,16,11,23,22
14,16,15,23,17,17,16,18
11,21,17,20,13,17,18,11
20,21,18,13,14,10,18,11
17,17,11,14,11,11,15,12
10,17,11,22,13,15,12,14
14,18,17,13,10,24,13,15
17,13,18,10,17,9,11,17
12,10,11,13,20,14,14,22
17,11,13,15,17,20,16,13
11,17,12,21,9,23,13,17
14,25,12,17,14,12,25,13
18,19,24,24,14,24,21,16
24,22,24,18,12,22,11,19
23,15,23,20,25,31,20,19
27,23,19,17,25,21,23,29
28,24,43,25,20,35,19,27
32,26,26,26,28,30,35,30
32,31,33,31,38,38,47,34
35,35,29,30,33,35,44,40
35,39,37,33,39,38,40,47
41,48,41,56,34,42,44,53
41,40,38,36,50,49,43,35
47,46,47,46,54,51,53,51
43,44,47,54,52,48,40,54
41,26,47,39,34,54,41,42
55,51,53,46,51,38,41,63
50,51,51,45,40,45,46,43
39,40,39,49,46,37,38,42
35,28,39,35,29,45,33,30
30,43,28,32,31,38,39,29
30,24,19,31,36,32,27,27
31,29,26,27,36,26,23,32
23,29,32,24,26,23,22,26
28,17,21,27,30,15,18,30
21,17,22,19,11,18,19,20
11,20,11,13,15,18,14,15
18,12,8,15,16,29,14,17
13,14,19,9,15,12,15,17
17,13,17,9,8,12,10,5
12,13,15,8,8,11,14,9
10,8,16,7,8,7,10,14
13,17,11,4,6,6,21,10
5,10,15,9,9,8,7,5
9,10,8,10,10,6,8,8
7,12,3,11,15,14,8,9
5,10,8,10,9,8,9,10
9,6,11,5,13,7,8,7
8,5,6,3,7,8,7,8
8,11,8,10,9,7,13,8
10,7,9,8,10,9,4,9
11,11,9,11,7,7,5,5
7,10,6,8,6,5,4,12
7,13,12,5,13,4,9,6
11,11,11,12,11,5,14,9
11,7,10,7,8,13,7,8
7,9,6,12,5,8,11,8
9,14,9,11,5,8,8,14
6,13,12,7,8,9,7,8
3,7,10,7,11,4,9,9
8,9,8,11,7,10,8,14
8,10,15,10,8,15,8,9
12,10,10,16,10,9,14,7
10,13,10,10,10,16,6,5
6,5,5,8,11,6,14,10
14,10,4,8,10,5,3,7
6,6,7,13,8,6,11,12
9,7,8,7,6,10,6,11
9,6,9,5,2,6,6,6
8,7,5,3,6,4,11,6
5,4,7,6,6,2,10,5
3,5,7,3,5,6,8,4
8,4,3,9,5,5,5,9
4,3,7,7,2,4,3,8
3,6,4,3,6,7,7,5
3,7,7,8,7,7,7,7
1,4,2,6,3,4,7,2
6,4,7,6,5,7,3,8
7,4,9,5,3,1,4,7
7,4,9,7,2,4,3,3
6,5,4,5,4,3,4,6
4,4,1,3,6,4,3,3
7,4,2,5,3,5,1,7
2,3,6,4,6,4,6,5
1,3,3,3,3,5,1,4
4,2,2,1,4,3,2,4
2,5,5,3,1,2,3,3
4,3,3,2,7,5,6,3
4,4,3,4,7,4,2,1
5,4,2,1,3,6,4,2
5,6,4,1,4,4,3,5
2,6,6,3,4,4,6,4
2,6,9,5,0,7,2,5
4,5,6,3,3,6,2,4
2,2,10,6,1,5,4,1
12,2,4,2,5,2,2,3
6,2,2,5,5,10,1,4
2,1,5,5,1,3,5,3
1,4,5,2,3,2,4,2
3,4,4,6,1,3,1,2
5,0,5,5,5,4,6,2
1,2,1,4,4,2,0,4
3,3,3,2,1,4,6,1
5,3,7,5,3,4,4,1
3,3,3,4,2,1,4,1
2,1,2,0,5,6,2,1
2,4,2,1,1,2,3,0
1,0,2,8,3,2,5,1
1,5,2,0,3,1,1,5
2,1,2,3,4,2,2,4
2,0,2,2,2,2,0,2
1,0,3,2,2,3,4,2
0,3,3,2,3,4,1,2
4,4,6,2,4,2,2,1
4,3,3,3,1,1,2,2
3,0,1,3,6,8,7,5
4,5,5,5,2,6,3,0
1,2,0,2,2,4,3,0
3,6,5,6,3,6,0,4
2,5,4,7,3,2,6,5
4,3,4,0,3,6,3,5
4,4,3,1,2,6,4,8
2,0,4,3,5,4,8,4
6,6,2,5,3,2,10,3
6,6,3,2,10,5,3,6
8,6,2,5,9,5,1,4
8,7,3,5,5,5,4,2
4,3,1,8,3,5,5,3
2,6,3,2,4,4,3,3
5,4,5,4,1,6,3,4
2,3,2,3,3,4,6,5
3,6,2,2,9,3,6,1
3,2,4,3,3,4,3,6
7,1,3,2,4,6,6,7
5,4,6,3,5,9,5,6
8,7,4,3,6,6,2,3
2,6,7,6,3,2,4,3
1,1,3,3,7,3,7,3
6,7,6,3,3,3,4,4
4,2,5,2,4,5,4,5
6,0,4,5,7,2,3,4
2,2,1,0,3,2,5,4
1,3,3,4,2,1,7,0
2,4,3,3,3,0,2,3
4,3,3,2,2,3,6,3
4,4,3,3,5,2,5,0
4,2,2,2,2,4,4,2
1,1,4,1,3,3,6,3
3,7,2,6,7,2,2,2
6,2,2,1,2,3,2,1
1,1,3,3,3,4,3,1
5,2,3,5,6,4,2,0
