SpectrumName : Messung_1cmAlu_60Grad_LLDhoch.SPC
XUnit        : 
YUnit        : 
Length       : 2048
SubSpcNum    : 1
StartSubSpc  : 0
StopSubSpc   : 0
Comment      : 
Realtime     : 300.692
Livetime     : 300.000
Deadtime     : 0.692
Starttime    : 16.03.2016 12:52:40
Stoptime     : 16.03.2016 12:57:41
CalibCoeff   : a=0.000000000E+000 b=0.000000000E+000 c=0.000000000E+000 d=0.000000000E+000
SpectrumText : 0 
0,0,0,0,0,0,0,0
0,0,0,0,0,0,0,0
1,19,20,19,16,11,11,14
12,9,10,11,16,12,12,14
13,12,8,19,14,9,12,19
11,16,14,13,17,16,10,12
7,14,16,7,22,12,10,12
18,13,13,7,13,19,13,12
13,17,10,13,22,15,15,13
12,20,17,10,18,24,14,15
17,16,14,21,19,19,24,19
16,20,14,20,14,24,25,18
22,10,21,20,18,22,13,17
13,14,20,20,15,21,22,19
24,15,28,15,16,22,19,17
18,18,16,24,25,25,30,18
19,17,21,18,19,26,26,28
36,27,15,26,26,25,24,19
25,20,20,26,30,29,26,28
22,25,17,28,25,22,24,28
26,34,24,34,34,25,27,22
28,31,36,31,31,31,25,29
34,23,30,26,27,33,27,26
30,29,34,29,42,35,36,43
42,50,37,33,37,31,36,23
31,35,40,38,49,42,42,42
46,52,48,42,41,47,40,35
43,44,44,34,44,42,53,55
57,42,43,46,61,48,46,53
57,68,56,55,42,59,58,52
46,58,58,69,57,63,61,85
59,75,69,84,85,61,75,98
96,97,90,89,90,91,103,75
95,90,86,105,90,90,77,83
78,67,74,58,85,83,79,60
53,69,55,70,74,59,59,69
69,58,63,72,82,73,61,64
67,69,60,69,73,77,63,74
58,76,65,64,63,63,50,69
62,55,52,67,51,55,64,52
55,56,44,60,44,57,55,43
54,50,64,64,64,51,69,57
51,56,58,75,53,64,51,51
59,49,45,56,53,54,49,53
46,55,43,56,63,62,45,63
50,62,56,53,38,62,59,52
55,62,55,47,60,46,61,54
51,65,61,42,49,58,69,61
60,78,58,50,46,66,44,60
70,49,58,53,63,61,55,52
48,62,51,56,59,64,64,56
60,56,35,64,55,51,64,56
53,49,62,53,53,76,50,52
52,49,53,55,52,56,56,63
53,55,50,51,43,46,65,47
47,55,54,58,58,54,54,49
39,58,48,43,63,55,42,44
60,49,53,38,45,59,64,52
61,59,45,63,54,54,43,54
60,67,46,37,37,60,53,52
52,48,47,63,56,55,72,49
47,40,55,43,42,52,52,55
47,49,54,61,64,37,50,62
52,48,43,49,49,54,58,61
57,46,39,58,44,61,40,57
52,55,59,51,45,52,49,54
42,50,47,64,56,50,47,56
59,45,63,52,54,57,58,47
66,56,57,46,55,47,60,62
54,54,71,59,47,55,57,61
57,46,70,44,43,44,50,41
58,49,50,56,59,52,56,55
55,52,59,52,48,56,53,55
58,63,57,60,51,57,54,54
60,56,59,51,51,62,60,55
46,66,48,70,45,47,78,57
57,59,54,64,58,76,63,57
58,83,73,52,64,77,48,55
60,61,51,76,64,59,57,59
65,56,59,59,58,42,65,65
49,46,59,46,51,50,53,55
46,62,52,47,53,45,61,52
51,50,53,47,53,58,38,45
46,41,48,46,43,35,48,34
28,34,43,35,35,42,39,39
38,35,35,39,36,49,34,42
35,36,36,42,34,29,36,46
32,33,42,34,37,26,35,36
38,23,29,34,24,34,30,32
30,38,26,32,32,39,32,27
39,32,30,21,32,29,31,23
26,22,33,22,34,29,22,22
27,28,19,22,28,26,29,31
30,19,18,21,29,29,30,36
25,33,31,22,34,24,21,19
19,28,29,14,31,28,24,24
23,20,32,16,27,25,27,28
24,29,20,28,22,20,29,24
32,42,19,25,20,31,23,19
23,22,17,21,26,27,23,27
24,16,30,15,26,31,27,21
18,19,24,26,24,19,25,20
20,16,14,26,9,14,23,18
21,13,26,21,19,19,12,16
16,25,19,16,14,17,6,20
19,21,12,14,21,20,20,17
13,26,22,19,13,21,19,13
7,15,12,13,16,20,12,8
15,22,15,16,12,16,16,22
10,15,19,18,16,11,19,16
12,16,13,9,20,9,16,21
24,12,18,19,16,13,14,10
15,12,20,14,19,13,13,15
17,12,19,13,18,15,9,16
15,12,11,11,13,10,11,20
18,17,12,13,18,15,16,17
13,13,10,15,16,16,14,12
10,16,19,11,13,19,8,16
12,14,17,19,18,18,10,12
9,15,14,15,15,16,9,13
20,18,19,8,9,16,19,12
14,13,20,18,24,14,13,16
8,12,10,7,11,11,8,12
16,19,18,16,15,8,13,13
11,11,10,15,12,19,6,17
11,18,14,9,17,18,5,17
9,10,8,11,9,9,5,8
13,11,6,11,9,8,12,11
9,14,11,9,7,10,13,15
13,7,6,10,18,5,10,8
8,10,7,7,9,19,11,13
6,11,15,11,15,10,7,12
10,8,10,7,18,11,9,12
14,9,12,9,10,15,6,12
10,6,10,16,14,8,13,8
9,13,17,14,7,10,9,9
18,11,17,14,10,22,9,16
13,11,14,15,7,14,12,4
14,9,10,16,9,9,15,12
6,16,8,14,13,12,13,12
15,14,14,13,11,9,13,10
6,10,16,14,7,15,9,17
15,12,14,11,15,11,10,12
10,11,9,12,11,11,8,10
18,7,18,16,16,10,16,28
14,16,17,13,15,15,13,13
12,12,19,15,14,16,11,12
17,10,14,21,17,12,17,19
16,24,16,15,10,13,25,14
18,26,12,15,18,18,23,20
13,29,23,17,21,18,15,22
23,25,27,33,23,24,19,21
19,25,22,24,29,30,25,25
32,28,27,26,25,28,31,35
31,28,36,40,26,35,23,35
29,41,22,33,26,23,31,30
30,37,30,37,22,36,30,36
38,42,36,32,32,34,28,35
37,36,15,39,47,34,44,40
31,55,39,35,46,31,45,41
40,41,34,45,39,37,34,32
33,45,41,36,46,39,40,38
40,38,35,48,26,43,34,39
27,26,39,24,45,36,33,34
31,40,35,33,36,48,43,41
41,31,33,37,35,44,35,29
45,42,37,31,36,34,36,30
30,27,31,17,19,33,35,35
33,21,29,22,27,32,40,26
34,33,29,37,20,26,27,27
35,33,21,26,35,24,27,16
21,21,30,22,35,26,24,14
30,22,20,22,16,13,23,19
20,25,19,13,25,9,12,20
15,16,19,16,22,13,16,9
22,17,15,15,10,21,11,20
18,15,14,11,16,16,13,10
13,18,10,17,17,18,17,10
10,10,8,7,8,11,8,18
12,14,10,8,15,9,7,12
10,10,10,6,7,10,13,8
10,11,10,17,12,12,9,10
8,11,10,10,12,5,16,7
12,6,13,13,16,10,9,13
15,17,11,10,8,13,8,10
9,12,15,21,16,13,10,15
5,9,12,18,13,12,16,11
9,6,11,15,8,5,7,8
15,12,9,9,10,17,16,15
7,9,9,11,10,12,15,10
14,9,21,21,16,14,15,14
12,15,19,13,11,11,13,16
16,16,20,13,10,9,8,15
15,15,12,16,14,13,8,20
21,13,18,13,14,14,14,11
15,11,18,9,21,7,14,14
10,16,14,13,11,11,9,8
16,14,16,18,15,6,12,8
7,9,9,4,15,12,13,16
19,10,10,10,5,14,11,19
6,17,11,16,7,11,13,9
10,13,12,11,9,6,12,11
13,15,13,7,9,8,5,11
13,5,7,2,10,15,6,5
8,6,9,8,6,5,14,7
10,6,5,8,4,5,10,7
10,8,8,8,6,5,7,4
4,5,9,7,8,6,4,6
3,5,12,4,9,4,10,7
3,8,6,4,11,4,9,5
4,10,2,7,7,8,2,3
4,7,5,4,4,5,5,6
6,4,3,4,5,5,7,5
4,4,1,5,11,5,3,1
3,3,1,6,6,5,2,3
1,3,3,2,2,5,3,7
2,5,3,4,4,2,4,5
7,2,4,3,5,3,7,9
1,4,7,5,3,4,2,3
2,5,5,6,3,4,6,7
5,4,6,2,6,1,3,3
4,6,7,3,9,2,6,4
1,6,5,5,3,4,7,8
5,5,7,3,1,3,4,6
5,9,2,0,6,4,3,7
9,6,9,2,3,5,5,5
8,8,6,3,4,6,5,4
2,7,7,8,3,5,5,5
6,5,6,4,10,5,13,3
6,6,3,7,6,7,6,6
6,5,4,1,5,9,5,9
5,9,8,6,3,2,8,4
4,3,5,4,9,5,5,6
7,3,7,9,5,10,7,1
7,2,6,4,7,7,4,7
6,3,2,5,2,1,3,7
5,7,8,6,7,7,4,4
8,6,3,6,3,1,9,8
4,5,10,8,3,8,7,2
7,12,9,1,2,5,1,3
6,4,2,2,9,4,1,8
5,5,4,7,6,5,5,6
7,4,3,5,9,3,2,2
5,4,3,3,4,3,2,2
3,2,2,4,4,1,6,2
5,4,5,3,0,5,8,2
2,8,4,3,2,4,1,2
6,2,1,5,6,4,2,7
0,4,1,6,6,2,3,1
4,3,0,4,1,6,3,1
3,3,5,2,2,2,5,3
1,3,2,6,4,2,5,1
7,5,3,3,2,0,1,4
2,5,2,1,2,2,3,0
3,4,3,3,0,1,3,2
3,3,6,7,3,0,3,0
