SpectrumName : energiekalpib_30Torr.SPC
XUnit        : 
YUnit        : 
Length       : 1024
SubSpcNum    : 1
StartSubSpc  : 0
StopSubSpc   : 0
Comment      : 
Realtime     : 184.711
Livetime     : 180.000
Deadtime     : 4.711
Starttime    : 01.09.2015 11:10:52
Stoptime     : 01.09.2015 11:13:57
CalibCoeff   : a=0.000000000E+000 b=0.000000000E+000 c=0.000000000E+000 d=0.000000000E+000
SpectrumText : 0 
0,0,0,0,0,0,0,0
0,0,0,0,0,0,0,0
0,0,0,0,0,0,0,0
0,0,0,0,0,0,0,0
0,0,0,0,0,0,0,0
0,0,0,0,0,10,7,5
6,12,16,12,8,5,9,6
8,7,8,7,7,12,9,10
10,13,13,6,9,10,10,8
7,7,13,10,9,13,9,8
9,8,10,7,8,13,8,7
11,10,9,9,6,13,6,8
10,9,7,11,10,11,8,6
11,9,15,11,10,12,10,4
3,5,10,8,7,8,11,11
8,5,4,8,16,9,11,9
5,13,10,8,5,6,9,9
9,8,4,5,6,12,11,8
9,7,10,8,6,8,11,12
5,9,10,6,7,8,9,14
11,10,10,10,16,9,13,8
9,10,7,12,10,6,11,10
6,11,12,10,11,7,15,16
7,10,17,22,15,11,12,13
14,13,17,17,14,18,22,21
22,17,24,16,21,26,22,21
30,37,30,24,32,37,37,31
28,35,35,38,44,44,51,37
58,59,65,73,51,70,72,76
76,92,79,101,106,94,136,111
110,126,138,140,127,156,140,179
133,161,172,158,165,154,192,188
164,155,170,173,141,174,141,178
152,142,163,149,145,132,147,165
143,147,142,117,141,124,121,132
126,122,136,132,122,136,155,155
149,138,151,153,189,177,169,184
191,188,220,218,215,230,225,193
218,245,217,250,221,237,271,246
237,233,282,265,249,277,242,260
269,253,262,228,276,222,253,224
229,221,198,197,184,177,204,164
175,167,133,159,143,143,147,130
147,124,135,133,111,140,120,129
132,143,128,135,121,146,115,157
164,144,152,151,137,159,145,150
138,148,155,140,174,165,137,155
161,165,142,160,163,146,147,135
124,132,135,123,115,101,93,105
84,84,75,78,83,59,52,40
47,51,45,31,36,32,38,24
22,23,19,14,12,9,14,14
10,11,11,6,12,6,4,7
2,5,5,3,6,4,3,5
1,0,2,2,5,3,3,4
1,2,7,6,1,2,2,4
1,4,3,6,1,3,3,2
2,4,4,1,3,3,5,2
2,3,4,6,6,1,5,4
0,6,4,4,3,3,8,4
7,4,5,7,6,4,9,7
4,6,11,8,12,10,5,8
11,10,11,13,12,9,12,19
7,21,13,24,11,19,26,29
25,21,37,33,27,31,50,33
48,42,50,58,62,64,78,61
58,82,86,84,99,120,122,116
139,120,125,120,137,132,120,153
132,144,156,164,145,161,167,173
157,157,171,141,151,150,140,123
136,127,128,123,118,105,119,113
81,91,83,88,70,63,50,39
60,48,48,42,31,32,35,26
28,22,22,22,17,14,13,7
10,7,10,9,5,3,3,3
3,6,2,4,3,2,1,1
3,1,0,2,1,0,0,0
1,0,1,1,0,0,1,0
0,0,0,1,0,0,0,0
0,0,1,0,0,0,0,0
0,0,0,0,0,1,0,0
0,0,0,0,0,0,0,0
0,0,0,0,0,0,0,0
0,0,0,1,1,0,0,0
0,0,0,0,1,0,0,0
0,0,0,0,0,0,0,0
0,0,0,0,0,0,0,0
0,0,0,0,0,0,0,0
0,0,0,0,0,1,0,1
0,0,0,1,0,0,0,0
0,0,0,0,0,0,0,0
0,0,0,0,0,0,0,0
0,0,0,0,1,0,0,0
0,0,0,0,0,1,1,0
0,0,0,0,0,0,0,0
0,0,0,0,0,0,0,0
0,0,1,0,0,0,1,0
0,0,0,0,0,0,0,0
0,0,0,0,0,0,0,0
0,0,0,0,0,0,0,0
0,0,0,0,0,0,0,0
0,0,0,0,0,0,0,0
0,1,0,0,0,0,0,0
0,0,0,1,0,0,0,0
0,0,0,0,0,0,0,0
0,0,0,0,0,0,0,0
0,1,0,0,0,0,0,0
1,0,0,0,0,0,0,0
0,0,0,0,0,0,0,0
0,0,0,0,0,0,0,0
0,0,0,0,0,0,0,1
0,0,0,0,0,0,0,0
0,0,0,0,0,0,0,0
0,1,0,0,0,0,0,1
0,0,0,0,0,0,0,0
0,0,0,0,0,0,0,0
0,0,0,0,0,0,0,0
1,0,0,0,1,0,0,0
0,0,0,0,0,0,0,0
0,0,0,0,0,0,0,0
0,0,0,0,0,0,0,0
0,0,0,0,0,0,0,0
0,0,0,0,0,0,0,0
0,0,0,0,0,0,0,0
0,0,0,0,0,0,0,0
0,0,0,0,0,0,0,0
0,0,0,0,0,0,0,0
0,0,0,0,0,0,0,0
